Codi,Nom,Data,Precipitacio_mm
C6,Castellnou de Seana,2026-04-01,0.0
C7,Tàrrega,2026-04-01,0.0
C8,Cervera,2026-04-01,0.0
C9,Mas de Barberans,2026-04-01,0.0
CC,Orís,2026-04-01,0.0
CD,la Seu d'Urgell - Bellestar,2026-04-01,3.2
CE,els Hostalets de Pierola,2026-04-01,0.0
CG,Molló - Fabert,2026-04-01,15.1
CI,Sant Pau de Segúries,2026-04-01,3.5
CJ,Organyà,2026-04-01,0.0
CL,Sant Salvador de Guardiola,2026-04-01,0.0
CP,Sant Romà d'Abella,2026-04-01,0.0
CQ,Vilanova de Meià,2026-04-01,0.0
CR,la Quar,2026-04-01,0.0
CT,el Pont de Suert,2026-04-01,0.3
CW,l'Espluga de Francolí,2026-04-01,0.0
CY,Muntanyola,2026-04-01,0.0
D1,Margalef,2026-04-01,0.0
D2,Vacarisses,2026-04-01,0.1
D3,Vallirana,2026-04-01,0.0
D4,Roses,2026-04-01,0.0
D5,Barcelona - Observatori Fabra,2026-04-01,0.0
D6,Portbou - coll dels Belitres,2026-04-01,0.0
D7,Vinebre,2026-04-01,0.0
D8,Horta de Sant Joan,2026-04-01,0.0
D9,el Vendrell,2026-04-01,0.0
DB,el Perelló,2026-04-01,0.0
DF,la Bisbal d'Empordà,2026-04-01,0.3
DG,Núria (1.971 m),2026-04-01,23.4
DI,Font-rubí,2026-04-01,0.0
DJ,Banyoles,2026-04-01,2.4
DK,Torredembarra,2026-04-01,0.0
DL,Illa de Buda,2026-04-01,0.0
DN,Anglès,2026-04-01,0.0
DO,Castell d'Aro,2026-04-01,0.6
DP,Das - Aeròdrom,2026-04-01,7.5
DQ,Vila-rodona,2026-04-01,0.0
H1,Òdena,2026-04-01,0.0
J5,Pantà de Darnius - Boadella,2026-04-01,16.2
KE,Pantà de Sau,2026-04-01,0.0
KP,Fogars de la Selva,2026-04-01,0.0
KX,la Roca del Vallès - ETAP Cardedeu,2026-04-01,0.0
M6,Sant Joan de les Abadesses,2026-04-01,1.5
MQ,Cardona,2026-04-01,0.0
MR,Pantà de Siurana,2026-04-01,0.0
MS,Castellar de n'Hug - el Clot del Moro,2026-04-01,1.6
MV,Guixers - Valls,2026-04-01,0.0
MW,Navès,2026-04-01,0.0
U2,Sant Pere Pescador,2026-04-01,0.5
U3,Sant Martí Sarroca,2026-04-01,0.0
U4,Castellnou de Bages,2026-04-01,0.0
U6,Vinyols i els Arcs - Cambrils,2026-04-01,0.0
U7,Aldover,2026-04-01,0.0
U9,l'Aldea,2026-04-01,0.0
UA,l'Ametlla de Mar,2026-04-01,0.0
UB,la Tallada d'Empordà,2026-04-01,0.6
UE,Torroella de Montgrí,2026-04-01,0.1
UF,PN del Garraf - el Rascler,2026-04-01,0.0
UH,el Montmell,2026-04-01,0.0
UI,Gisclareny,2026-04-01,4.0
UJ,Santa Coloma de Queralt,2026-04-01,0.0
UK,Sant Pere de Ribes - PN del Garraf,2026-04-01,0.0
UM,la Granadella,2026-04-01,0.0
UN,Cassà de la Selva,2026-04-01,4.9
UO,Fornells de la Selva,2026-04-01,2.5
UP,Cabrils,2026-04-01,0.0
UQ,Dosrius - PN Montnegre Corredor,2026-04-01,0.0
US,les Cases d'Alcanar,2026-04-01,0.0
UU,Amposta,2026-04-01,0.0
UW,els Alfacs,2026-04-01,0.0
UX,Ulldecona - els Valentins,2026-04-01,0.0
UY,Os de Balaguer - el Monestir d'Avellanes,2026-04-01,0.0
V1,Vallfogona de Balaguer,2026-04-01,0.0
V4,Montesquiu,2026-04-01,0.3
V5,Perafita,2026-04-01,0.0
V8,el Poal,2026-04-01,0.0
VA,Ascó,2026-04-01,0.0
VB,Benissanet,2026-04-01,0.0
VC,Pantà de Riba-roja,2026-04-01,0.0
VD,el Canós,2026-04-01,0.0
VH,Gimenells,2026-04-01,0.0
VK,Raimat,2026-04-01,0.0
VM,Vilanova de Segrià,2026-04-01,0.0
VO,Lladurs,2026-04-01,0.0
VP,Pinós,2026-04-01,0.0
VQ,Constantí,2026-04-01,0.0
VS,Lac Redon (2.245 m),2026-04-01,37.4
VU,Rellinars,2026-04-01,0.0
VV,Sant Llorenç Savall,2026-04-01,0.0
VX,Tagamanent - PN del Montseny,2026-04-01,0.0
VY,Nulles,2026-04-01,0.0
VZ,Espolla,2026-04-01,6.8
W1,Castelló d'Empúries,2026-04-01,0.6
W4,Vilafranca del Penedès - la Granada,2026-04-01,0.0
W5,Oliana,2026-04-01,0.0
W8,Blancafort,2026-04-01,0.0
W9,la Vall d'en Bas,2026-04-01,0.0
WA,Oliola,2026-04-01,0.0
WB,Albesa,2026-04-01,0.0
WC,Golmés,2026-04-01,0.0
WG,Algerri,2026-04-01,0.0
WI,Maials,2026-04-01,0.0
WJ,el Masroig,2026-04-01,0.0
WK,Alfarràs,2026-04-01,0.0
WL,Sant Martí de Riucorb,2026-04-01,0.0
WM,Santuari de Queralt,2026-04-01,0.0
WN,Montserrat - Sant Dimes,2026-04-01,0.0
WO,la Bisbal del Penedès,2026-04-01,0.0
WP,Canaletes,2026-04-01,0.0
WQ,Montsec d'Ares (1.571 m),2026-04-01,0.0
WR,Torroja del Priorat,2026-04-01,0.0
WS,Viladrau,2026-04-01,0.0
WT,Malgrat de Mar,2026-04-01,0.0
WU,Badalona - Museu,2026-04-01,0.0
WV,Guardiola de Berguedà,2026-04-01,2.3
WW,Artés,2026-04-01,0.0
WX,Camarasa,2026-04-01,0.0
WZ,Cunit,2026-04-01,0.0
X1,Falset,2026-04-01,0.0
X3,Alguaire,2026-04-01,0.0
X4,Barcelona - el Raval,2026-04-01,0.0
X5,PN dels Ports,2026-04-01,0.0
X6,Baldomar,2026-04-01,0.0
X7,Torres de Segre,2026-04-01,0.0
X8,Barcelona - Zona Universitària,2026-04-01,0.0
X9,Caldes de Montbui,2026-04-01,0.1
XA,la Panadella,2026-04-01,0.0
XB,la Llacuna,2026-04-01,0.0
XC,Castellbisbal,2026-04-01,0.1
XD,Ulldemolins,2026-04-01,0.0
XE,Tarragona - Complex Educatiu,2026-04-01,0.0
XF,Sabadell - Parc Agrari,2026-04-01,0.0
XG,Parets del Vallès,2026-04-01,0.0
XH,Sort,2026-04-01,1.2
XI,Mollerussa,2026-04-01,0.0
XJ,Girona,2026-04-01,2.9
XK,Puig Sesolles (1.666 m),2026-04-01,0.0
XL,el Prat de Llobregat,2026-04-01,0.0
XM,els Alamús,2026-04-01,0.0
XN,Seròs,2026-04-01,0.0
XO,Vic,2026-04-01,0.0
XP,Gandesa,2026-04-01,0.0
XQ,Tremp,2026-04-01,0.0
XR,Prades,2026-04-01,0.0
XS,Santa Coloma de Farners,2026-04-01,0.0
XT,Solsona,2026-04-01,0.0
XU,Canyelles,2026-04-01,0.0
XV,Sant Cugat del Vallès - CAR,2026-04-01,0.0
XX,Anglesola - Tornabous,2026-04-01,0.0
XY,Alcarràs,2026-04-01,0.0
XZ,Torroella de Fluvià,2026-04-01,0.9
Y4,Alinyà,2026-04-01,0.1
Y5,Navata,2026-04-01,11.1
Y6,Tivissa,2026-04-01,0.0
YA,Puigcerdà,2026-04-01,16.7
YB,Olot,2026-04-01,0.2
YC,la Pobla de Segur,2026-04-01,0.0
YD,les Borges Blanques,2026-04-01,0.0
YE,Massoteres,2026-04-01,0.0
YF,Miami Platja,2026-04-01,0.0
YG,Tírvia,2026-04-01,14.0
YH,Pujalt,2026-04-01,0.0
YJ,Lleida - la Femosa,2026-04-01,0.0
YK,Terrassa,2026-04-01,0.0
YL,Riudecanyes,2026-04-01,0.0
YM,Granollers,2026-04-01,0.0
YN,Vielha - Elipòrt,2026-04-01,34.8
YO,Sant Sadurní d'Anoia,2026-04-01,0.0
YP,Palafrugell,2026-04-01,0.0
YQ,Port de Barcelona - ZAL Prat,2026-04-01,0.0
YR,Vilanova i la Geltrú,2026-04-01,0.0
YS,Cabanes,2026-04-01,9.1
YT,Bonabé (1.691 m),2026-04-01,71.4
YU,Cantonigròs,2026-04-01,0.0
YV,Mataró,2026-04-01,0.0
YX,Batea,2026-04-01,0.0
YY,Viladecans - les Filipines,2026-04-01,0.0
Z1,Bonaigua (2.262 m),2026-04-01,36.9
Z2,Boí (2.537 m),2026-04-01,5.1
Z3,Malniu (2.229 m),2026-04-01,23.1
Z5,Certascan (2.398 m),2026-04-01,94.6
Z6,Sasseuva (2.226 m),2026-04-01,36.8
Z7,Espot (2.519 m),2026-04-01,25.7
Z9,Cadí Nord (2.145 m) - Prat d'Aguiló,2026-04-01,4.1
ZB,Salòria (2.451 m),2026-04-01,7.5
ZC,Ulldeter (2.413 m),2026-04-01,35.3
ZE,el Port del Comte (2.288 m),2026-04-01,2.8
C6,Castellnou de Seana,2026-04-02,0.0
C7,Tàrrega,2026-04-02,0.0
C8,Cervera,2026-04-02,0.0
C9,Mas de Barberans,2026-04-02,0.0
CC,Orís,2026-04-02,0.0
CD,la Seu d'Urgell - Bellestar,2026-04-02,0.0
CE,els Hostalets de Pierola,2026-04-02,0.0
CG,Molló - Fabert,2026-04-02,6.4
CI,Sant Pau de Segúries,2026-04-02,2.7
CJ,Organyà,2026-04-02,0.0
CL,Sant Salvador de Guardiola,2026-04-02,0.0
CP,Sant Romà d'Abella,2026-04-02,0.0
CQ,Vilanova de Meià,2026-04-02,0.0
CR,la Quar,2026-04-02,0.0
CT,el Pont de Suert,2026-04-02,0.0
CW,l'Espluga de Francolí,2026-04-02,0.0
CY,Muntanyola,2026-04-02,0.0
D1,Margalef,2026-04-02,0.0
D2,Vacarisses,2026-04-02,0.0
D3,Vallirana,2026-04-02,0.0
D4,Roses,2026-04-02,0.0
D5,Barcelona - Observatori Fabra,2026-04-02,0.0
D6,Portbou - coll dels Belitres,2026-04-02,0.0
D7,Vinebre,2026-04-02,0.0
D8,Horta de Sant Joan,2026-04-02,0.0
D9,el Vendrell,2026-04-02,0.0
DB,el Perelló,2026-04-02,0.0
DF,la Bisbal d'Empordà,2026-04-02,0.3
DG,Núria (1.971 m),2026-04-02,8.4
DI,Font-rubí,2026-04-02,0.0
DJ,Banyoles,2026-04-02,0.9
DK,Torredembarra,2026-04-02,0.0
DL,Illa de Buda,2026-04-02,0.0
DN,Anglès,2026-04-02,0.1
DO,Castell d'Aro,2026-04-02,0.8
DP,Das - Aeròdrom,2026-04-02,0.2
DQ,Vila-rodona,2026-04-02,0.0
H1,Òdena,2026-04-02,0.0
J5,Pantà de Darnius - Boadella,2026-04-02,0.9
KE,Pantà de Sau,2026-04-02,0.2
KP,Fogars de la Selva,2026-04-02,0.1
KX,la Roca del Vallès - ETAP Cardedeu,2026-04-02,0.0
M6,Sant Joan de les Abadesses,2026-04-02,0.4
MQ,Cardona,2026-04-02,0.0
MR,Pantà de Siurana,2026-04-02,0.0
MS,Castellar de n'Hug - el Clot del Moro,2026-04-02,0.0
MV,Guixers - Valls,2026-04-02,0.0
MW,Navès,2026-04-02,0.0
U2,Sant Pere Pescador,2026-04-02,0.0
U3,Sant Martí Sarroca,2026-04-02,0.0
U4,Castellnou de Bages,2026-04-02,0.0
U6,Vinyols i els Arcs - Cambrils,2026-04-02,0.0
U7,Aldover,2026-04-02,0.0
U9,l'Aldea,2026-04-02,0.0
UA,l'Ametlla de Mar,2026-04-02,0.0
UB,la Tallada d'Empordà,2026-04-02,0.1
UE,Torroella de Montgrí,2026-04-02,0.0
UF,PN del Garraf - el Rascler,2026-04-02,0.0
UH,el Montmell,2026-04-02,0.0
UI,Gisclareny,2026-04-02,0.0
UJ,Santa Coloma de Queralt,2026-04-02,0.0
UK,Sant Pere de Ribes - PN del Garraf,2026-04-02,0.0
UM,la Granadella,2026-04-02,0.0
UN,Cassà de la Selva,2026-04-02,1.7
UO,Fornells de la Selva,2026-04-02,0.9
UP,Cabrils,2026-04-02,0.4
UQ,Dosrius - PN Montnegre Corredor,2026-04-02,0.1
US,les Cases d'Alcanar,2026-04-02,0.0
UU,Amposta,2026-04-02,0.0
UW,els Alfacs,2026-04-02,0.0
UX,Ulldecona - els Valentins,2026-04-02,0.0
UY,Os de Balaguer - el Monestir d'Avellanes,2026-04-02,0.0
V1,Vallfogona de Balaguer,2026-04-02,0.0
V4,Montesquiu,2026-04-02,0.1
V5,Perafita,2026-04-02,0.0
V8,el Poal,2026-04-02,0.0
VA,Ascó,2026-04-02,0.0
VB,Benissanet,2026-04-02,0.0
VC,Pantà de Riba-roja,2026-04-02,0.0
VD,el Canós,2026-04-02,0.0
VH,Gimenells,2026-04-02,0.0
VK,Raimat,2026-04-02,0.0
VM,Vilanova de Segrià,2026-04-02,0.0
VO,Lladurs,2026-04-02,0.0
VP,Pinós,2026-04-02,0.0
VQ,Constantí,2026-04-02,0.0
VS,Lac Redon (2.245 m),2026-04-02,39.5
VU,Rellinars,2026-04-02,0.0
VV,Sant Llorenç Savall,2026-04-02,0.0
VX,Tagamanent - PN del Montseny,2026-04-02,0.0
VY,Nulles,2026-04-02,0.0
VZ,Espolla,2026-04-02,0.0
W1,Castelló d'Empúries,2026-04-02,0.0
W4,Vilafranca del Penedès - la Granada,2026-04-02,0.0
W5,Oliana,2026-04-02,0.0
W8,Blancafort,2026-04-02,0.0
W9,la Vall d'en Bas,2026-04-02,0.3
WA,Oliola,2026-04-02,0.0
WB,Albesa,2026-04-02,0.0
WC,Golmés,2026-04-02,0.0
WG,Algerri,2026-04-02,0.0
WI,Maials,2026-04-02,0.0
WJ,el Masroig,2026-04-02,0.0
WK,Alfarràs,2026-04-02,0.0
WL,Sant Martí de Riucorb,2026-04-02,0.0
WM,Santuari de Queralt,2026-04-02,0.0
WN,Montserrat - Sant Dimes,2026-04-02,0.0
WO,la Bisbal del Penedès,2026-04-02,0.0
WP,Canaletes,2026-04-02,0.0
WQ,Montsec d'Ares (1.571 m),2026-04-02,0.0
WR,Torroja del Priorat,2026-04-02,0.0
WS,Viladrau,2026-04-02,0.0
WT,Malgrat de Mar,2026-04-02,0.2
WU,Badalona - Museu,2026-04-02,0.0
WV,Guardiola de Berguedà,2026-04-02,0.0
WW,Artés,2026-04-02,0.0
WX,Camarasa,2026-04-02,0.0
WZ,Cunit,2026-04-02,0.0
X1,Falset,2026-04-02,0.0
X3,Alguaire,2026-04-02,0.0
X4,Barcelona - el Raval,2026-04-02,0.0
X5,PN dels Ports,2026-04-02,0.0
X6,Baldomar,2026-04-02,0.0
X7,Torres de Segre,2026-04-02,0.0
X8,Barcelona - Zona Universitària,2026-04-02,0.0
X9,Caldes de Montbui,2026-04-02,0.0
XA,la Panadella,2026-04-02,0.0
XB,la Llacuna,2026-04-02,0.0
XC,Castellbisbal,2026-04-02,0.0
XD,Ulldemolins,2026-04-02,0.0
XE,Tarragona - Complex Educatiu,2026-04-02,0.0
XF,Sabadell - Parc Agrari,2026-04-02,0.0
XG,Parets del Vallès,2026-04-02,0.0
XH,Sort,2026-04-02,0.0
XI,Mollerussa,2026-04-02,0.0
XJ,Girona,2026-04-02,2.1
XK,Puig Sesolles (1.666 m),2026-04-02,0.4
XL,el Prat de Llobregat,2026-04-02,0.0
XM,els Alamús,2026-04-02,0.0
XN,Seròs,2026-04-02,0.0
XO,Vic,2026-04-02,0.0
XP,Gandesa,2026-04-02,0.0
XQ,Tremp,2026-04-02,0.0
XR,Prades,2026-04-02,0.0
XS,Santa Coloma de Farners,2026-04-02,0.0
XT,Solsona,2026-04-02,0.0
XU,Canyelles,2026-04-02,0.0
XV,Sant Cugat del Vallès - CAR,2026-04-02,0.0
XX,Anglesola - Tornabous,2026-04-02,0.0
XY,Alcarràs,2026-04-02,0.0
XZ,Torroella de Fluvià,2026-04-02,0.0
Y4,Alinyà,2026-04-02,0.0
Y5,Navata,2026-04-02,1.1
Y6,Tivissa,2026-04-02,0.0
YA,Puigcerdà,2026-04-02,2.9
YB,Olot,2026-04-02,0.8
YC,la Pobla de Segur,2026-04-02,0.0
YD,les Borges Blanques,2026-04-02,0.0
YE,Massoteres,2026-04-02,0.0
YF,Miami Platja,2026-04-02,0.0
YG,Tírvia,2026-04-02,0.0
YH,Pujalt,2026-04-02,0.0
YJ,Lleida - la Femosa,2026-04-02,0.0
YK,Terrassa,2026-04-02,0.0
YL,Riudecanyes,2026-04-02,0.0
YM,Granollers,2026-04-02,0.0
YN,Vielha - Elipòrt,2026-04-02,9.8
YO,Sant Sadurní d'Anoia,2026-04-02,0.0
YP,Palafrugell,2026-04-02,0.0
YQ,Port de Barcelona - ZAL Prat,2026-04-02,0.0
YR,Vilanova i la Geltrú,2026-04-02,0.0
YS,Cabanes,2026-04-02,0.5
YT,Bonabé (1.691 m),2026-04-02,19.2
YU,Cantonigròs,2026-04-02,0.0
YV,Mataró,2026-04-02,1.5
YX,Batea,2026-04-02,0.0
YY,Viladecans - les Filipines,2026-04-02,0.0
Z1,Bonaigua (2.262 m),2026-04-02,18.0
Z2,Boí (2.537 m),2026-04-02,0.0
Z3,Malniu (2.229 m),2026-04-02,11.1
Z5,Certascan (2.398 m),2026-04-02,38.2
Z6,Sasseuva (2.226 m),2026-04-02,22.4
Z7,Espot (2.519 m),2026-04-02,7.0
Z9,Cadí Nord (2.145 m) - Prat d'Aguiló,2026-04-02,0.3
ZB,Salòria (2.451 m),2026-04-02,0.6
ZC,Ulldeter (2.413 m),2026-04-02,11.7
ZE,el Port del Comte (2.288 m),2026-04-02,0.0
C6,Castellnou de Seana,2026-04-03,0.0
C7,Tàrrega,2026-04-03,0.0
C8,Cervera,2026-04-03,0.0
C9,Mas de Barberans,2026-04-03,0.0
CC,Orís,2026-04-03,0.0
CD,la Seu d'Urgell - Bellestar,2026-04-03,0.0
CE,els Hostalets de Pierola,2026-04-03,0.0
CG,Molló - Fabert,2026-04-03,0.0
CI,Sant Pau de Segúries,2026-04-03,0.0
CJ,Organyà,2026-04-03,0.0
CL,Sant Salvador de Guardiola,2026-04-03,0.0
CP,Sant Romà d'Abella,2026-04-03,0.0
CQ,Vilanova de Meià,2026-04-03,0.0
CR,la Quar,2026-04-03,0.0
CT,el Pont de Suert,2026-04-03,0.0
CW,l'Espluga de Francolí,2026-04-03,0.0
CY,Muntanyola,2026-04-03,0.0
D1,Margalef,2026-04-03,0.0
D2,Vacarisses,2026-04-03,0.1
D3,Vallirana,2026-04-03,0.0
D4,Roses,2026-04-03,0.0
D5,Barcelona - Observatori Fabra,2026-04-03,0.0
D6,Portbou - coll dels Belitres,2026-04-03,0.0
D7,Vinebre,2026-04-03,0.0
D8,Horta de Sant Joan,2026-04-03,0.0
D9,el Vendrell,2026-04-03,0.0
DB,el Perelló,2026-04-03,0.0
DF,la Bisbal d'Empordà,2026-04-03,0.0
DG,Núria (1.971 m),2026-04-03,0.0
DI,Font-rubí,2026-04-03,0.0
DJ,Banyoles,2026-04-03,0.0
DK,Torredembarra,2026-04-03,0.0
DL,Illa de Buda,2026-04-03,0.0
DN,Anglès,2026-04-03,0.0
DO,Castell d'Aro,2026-04-03,0.0
DP,Das - Aeròdrom,2026-04-03,0.0
DQ,Vila-rodona,2026-04-03,0.0
H1,Òdena,2026-04-03,0.0
J5,Pantà de Darnius - Boadella,2026-04-03,0.0
KE,Pantà de Sau,2026-04-03,0.0
KP,Fogars de la Selva,2026-04-03,0.0
KX,la Roca del Vallès - ETAP Cardedeu,2026-04-03,0.0
M6,Sant Joan de les Abadesses,2026-04-03,0.0
MQ,Cardona,2026-04-03,0.0
MR,Pantà de Siurana,2026-04-03,0.0
MS,Castellar de n'Hug - el Clot del Moro,2026-04-03,0.0
MV,Guixers - Valls,2026-04-03,0.0
MW,Navès,2026-04-03,0.0
U2,Sant Pere Pescador,2026-04-03,0.0
U3,Sant Martí Sarroca,2026-04-03,0.0
U4,Castellnou de Bages,2026-04-03,0.0
U6,Vinyols i els Arcs - Cambrils,2026-04-03,0.0
U7,Aldover,2026-04-03,0.0
U9,l'Aldea,2026-04-03,0.0
UA,l'Ametlla de Mar,2026-04-03,0.0
UB,la Tallada d'Empordà,2026-04-03,0.0
UE,Torroella de Montgrí,2026-04-03,0.0
UF,PN del Garraf - el Rascler,2026-04-03,0.0
UH,el Montmell,2026-04-03,0.0
UI,Gisclareny,2026-04-03,0.0
UJ,Santa Coloma de Queralt,2026-04-03,0.0
UK,Sant Pere de Ribes - PN del Garraf,2026-04-03,0.0
UM,la Granadella,2026-04-03,0.0
UN,Cassà de la Selva,2026-04-03,0.0
UO,Fornells de la Selva,2026-04-03,0.0
UP,Cabrils,2026-04-03,0.0
UQ,Dosrius - PN Montnegre Corredor,2026-04-03,0.0
US,les Cases d'Alcanar,2026-04-03,0.0
UU,Amposta,2026-04-03,0.0
UW,els Alfacs,2026-04-03,0.0
UX,Ulldecona - els Valentins,2026-04-03,0.0
UY,Os de Balaguer - el Monestir d'Avellanes,2026-04-03,0.0
V1,Vallfogona de Balaguer,2026-04-03,0.0
V4,Montesquiu,2026-04-03,0.0
V5,Perafita,2026-04-03,0.0
V8,el Poal,2026-04-03,0.0
VA,Ascó,2026-04-03,0.0
VB,Benissanet,2026-04-03,0.0
VC,Pantà de Riba-roja,2026-04-03,0.0
VD,el Canós,2026-04-03,0.0
VH,Gimenells,2026-04-03,0.0
VK,Raimat,2026-04-03,0.0
VM,Vilanova de Segrià,2026-04-03,0.0
VO,Lladurs,2026-04-03,0.0
VP,Pinós,2026-04-03,0.0
VQ,Constantí,2026-04-03,0.0
VS,Lac Redon (2.245 m),2026-04-03,3.1
VU,Rellinars,2026-04-03,0.0
VV,Sant Llorenç Savall,2026-04-03,0.0
VX,Tagamanent - PN del Montseny,2026-04-03,0.0
VY,Nulles,2026-04-03,0.0
VZ,Espolla,2026-04-03,0.0
W1,Castelló d'Empúries,2026-04-03,0.0
W4,Vilafranca del Penedès - la Granada,2026-04-03,0.0
W5,Oliana,2026-04-03,0.0
W8,Blancafort,2026-04-03,0.0
W9,la Vall d'en Bas,2026-04-03,0.0
WA,Oliola,2026-04-03,0.0
WB,Albesa,2026-04-03,0.0
WC,Golmés,2026-04-03,0.0
WG,Algerri,2026-04-03,0.0
WI,Maials,2026-04-03,0.0
WJ,el Masroig,2026-04-03,0.0
WK,Alfarràs,2026-04-03,0.0
WL,Sant Martí de Riucorb,2026-04-03,0.0
WM,Santuari de Queralt,2026-04-03,0.0
WN,Montserrat - Sant Dimes,2026-04-03,0.0
WO,la Bisbal del Penedès,2026-04-03,0.0
WP,Canaletes,2026-04-03,0.0
WQ,Montsec d'Ares (1.571 m),2026-04-03,0.0
WR,Torroja del Priorat,2026-04-03,0.0
WS,Viladrau,2026-04-03,0.0
WT,Malgrat de Mar,2026-04-03,0.0
WU,Badalona - Museu,2026-04-03,0.0
WV,Guardiola de Berguedà,2026-04-03,0.0
WW,Artés,2026-04-03,0.0
WX,Camarasa,2026-04-03,0.0
WZ,Cunit,2026-04-03,0.0
X1,Falset,2026-04-03,0.0
X3,Alguaire,2026-04-03,0.0
X4,Barcelona - el Raval,2026-04-03,0.0
X5,PN dels Ports,2026-04-03,0.0
X6,Baldomar,2026-04-03,0.0
X7,Torres de Segre,2026-04-03,0.0
X8,Barcelona - Zona Universitària,2026-04-03,0.0
X9,Caldes de Montbui,2026-04-03,0.0
XA,la Panadella,2026-04-03,0.0
XB,la Llacuna,2026-04-03,0.0
XC,Castellbisbal,2026-04-03,0.0
XD,Ulldemolins,2026-04-03,0.0
XE,Tarragona - Complex Educatiu,2026-04-03,0.0
XF,Sabadell - Parc Agrari,2026-04-03,0.0
XG,Parets del Vallès,2026-04-03,0.0
XH,Sort,2026-04-03,0.0
XI,Mollerussa,2026-04-03,0.0
XJ,Girona,2026-04-03,0.0
XK,Puig Sesolles (1.666 m),2026-04-03,0.0
XL,el Prat de Llobregat,2026-04-03,0.0
XM,els Alamús,2026-04-03,0.0
XN,Seròs,2026-04-03,0.0
XO,Vic,2026-04-03,0.0
XP,Gandesa,2026-04-03,0.0
XQ,Tremp,2026-04-03,0.0
XR,Prades,2026-04-03,0.0
XS,Santa Coloma de Farners,2026-04-03,0.0
XT,Solsona,2026-04-03,0.0
XU,Canyelles,2026-04-03,0.0
XV,Sant Cugat del Vallès - CAR,2026-04-03,0.0
XX,Anglesola - Tornabous,2026-04-03,0.0
XY,Alcarràs,2026-04-03,0.0
XZ,Torroella de Fluvià,2026-04-03,0.0
Y4,Alinyà,2026-04-03,0.0
Y5,Navata,2026-04-03,0.0
Y6,Tivissa,2026-04-03,0.0
YA,Puigcerdà,2026-04-03,0.0
YB,Olot,2026-04-03,0.0
YC,la Pobla de Segur,2026-04-03,0.0
YD,les Borges Blanques,2026-04-03,0.0
YE,Massoteres,2026-04-03,0.0
YF,Miami Platja,2026-04-03,0.0
YG,Tírvia,2026-04-03,0.0
YH,Pujalt,2026-04-03,0.0
YJ,Lleida - la Femosa,2026-04-03,0.0
YK,Terrassa,2026-04-03,0.0
YL,Riudecanyes,2026-04-03,0.0
YM,Granollers,2026-04-03,0.0
YN,Vielha - Elipòrt,2026-04-03,0.7
YO,Sant Sadurní d'Anoia,2026-04-03,0.0
YP,Palafrugell,2026-04-03,0.0
YQ,Port de Barcelona - ZAL Prat,2026-04-03,0.0
YR,Vilanova i la Geltrú,2026-04-03,0.0
YS,Cabanes,2026-04-03,0.0
YT,Bonabé (1.691 m),2026-04-03,4.7
YU,Cantonigròs,2026-04-03,0.0
YV,Mataró,2026-04-03,0.0
YX,Batea,2026-04-03,0.0
YY,Viladecans - les Filipines,2026-04-03,0.0
Z1,Bonaigua (2.262 m),2026-04-03,0.3
Z2,Boí (2.537 m),2026-04-03,0.0
Z3,Malniu (2.229 m),2026-04-03,2.7
Z5,Certascan (2.398 m),2026-04-03,2.3
Z6,Sasseuva (2.226 m),2026-04-03,1.3
Z7,Espot (2.519 m),2026-04-03,0.0
Z9,Cadí Nord (2.145 m) - Prat d'Aguiló,2026-04-03,0.0
ZB,Salòria (2.451 m),2026-04-03,0.0
ZC,Ulldeter (2.413 m),2026-04-03,0.6
ZE,el Port del Comte (2.288 m),2026-04-03,0.0
C6,Castellnou de Seana,2026-04-04,0.0
C7,Tàrrega,2026-04-04,0.0
C8,Cervera,2026-04-04,0.0
C9,Mas de Barberans,2026-04-04,0.0
CC,Orís,2026-04-04,0.0
CD,la Seu d'Urgell - Bellestar,2026-04-04,0.0
CE,els Hostalets de Pierola,2026-04-04,0.0
CG,Molló - Fabert,2026-04-04,0.0
CI,Sant Pau de Segúries,2026-04-04,0.0
CJ,Organyà,2026-04-04,0.0
CL,Sant Salvador de Guardiola,2026-04-04,0.0
CP,Sant Romà d'Abella,2026-04-04,0.0
CQ,Vilanova de Meià,2026-04-04,0.0
CR,la Quar,2026-04-04,0.0
CT,el Pont de Suert,2026-04-04,0.0
CW,l'Espluga de Francolí,2026-04-04,0.0
CY,Muntanyola,2026-04-04,0.0
D1,Margalef,2026-04-04,0.0
D2,Vacarisses,2026-04-04,0.2
D3,Vallirana,2026-04-04,0.0
D4,Roses,2026-04-04,0.0
D5,Barcelona - Observatori Fabra,2026-04-04,0.0
D6,Portbou - coll dels Belitres,2026-04-04,0.0
D7,Vinebre,2026-04-04,0.0
D8,Horta de Sant Joan,2026-04-04,0.0
D9,el Vendrell,2026-04-04,0.0
DB,el Perelló,2026-04-04,0.0
DF,la Bisbal d'Empordà,2026-04-04,0.0
DG,Núria (1.971 m),2026-04-04,0.0
DI,Font-rubí,2026-04-04,0.0
DJ,Banyoles,2026-04-04,0.0
DK,Torredembarra,2026-04-04,0.0
DL,Illa de Buda,2026-04-04,0.0
DN,Anglès,2026-04-04,0.0
DO,Castell d'Aro,2026-04-04,0.0
DP,Das - Aeròdrom,2026-04-04,0.0
DQ,Vila-rodona,2026-04-04,0.0
H1,Òdena,2026-04-04,0.0
J5,Pantà de Darnius - Boadella,2026-04-04,0.0
KE,Pantà de Sau,2026-04-04,0.0
KP,Fogars de la Selva,2026-04-04,0.0
KX,la Roca del Vallès - ETAP Cardedeu,2026-04-04,0.0
M6,Sant Joan de les Abadesses,2026-04-04,0.0
MQ,Cardona,2026-04-04,0.0
MR,Pantà de Siurana,2026-04-04,0.0
MS,Castellar de n'Hug - el Clot del Moro,2026-04-04,0.0
MV,Guixers - Valls,2026-04-04,0.0
MW,Navès,2026-04-04,0.0
U2,Sant Pere Pescador,2026-04-04,0.0
U3,Sant Martí Sarroca,2026-04-04,0.0
U4,Castellnou de Bages,2026-04-04,0.0
U6,Vinyols i els Arcs - Cambrils,2026-04-04,0.0
U7,Aldover,2026-04-04,0.0
U9,l'Aldea,2026-04-04,0.0
UA,l'Ametlla de Mar,2026-04-04,0.0
UB,la Tallada d'Empordà,2026-04-04,0.0
UE,Torroella de Montgrí,2026-04-04,0.0
UF,PN del Garraf - el Rascler,2026-04-04,0.0
UH,el Montmell,2026-04-04,0.0
UI,Gisclareny,2026-04-04,0.0
UJ,Santa Coloma de Queralt,2026-04-04,0.0
UK,Sant Pere de Ribes - PN del Garraf,2026-04-04,0.0
UM,la Granadella,2026-04-04,0.0
UN,Cassà de la Selva,2026-04-04,0.0
UO,Fornells de la Selva,2026-04-04,0.0
UP,Cabrils,2026-04-04,0.0
UQ,Dosrius - PN Montnegre Corredor,2026-04-04,0.0
US,les Cases d'Alcanar,2026-04-04,0.0
UU,Amposta,2026-04-04,0.0
UW,els Alfacs,2026-04-04,0.0
UX,Ulldecona - els Valentins,2026-04-04,0.0
UY,Os de Balaguer - el Monestir d'Avellanes,2026-04-04,0.0
V1,Vallfogona de Balaguer,2026-04-04,0.0
V4,Montesquiu,2026-04-04,0.0
V5,Perafita,2026-04-04,0.0
V8,el Poal,2026-04-04,0.0
VA,Ascó,2026-04-04,0.0
VB,Benissanet,2026-04-04,0.0
VC,Pantà de Riba-roja,2026-04-04,0.0
VD,el Canós,2026-04-04,0.0
VH,Gimenells,2026-04-04,0.0
VK,Raimat,2026-04-04,0.0
VM,Vilanova de Segrià,2026-04-04,0.0
VO,Lladurs,2026-04-04,0.0
VP,Pinós,2026-04-04,0.0
VQ,Constantí,2026-04-04,0.0
VS,Lac Redon (2.245 m),2026-04-04,0.0
VU,Rellinars,2026-04-04,0.0
VV,Sant Llorenç Savall,2026-04-04,0.0
VX,Tagamanent - PN del Montseny,2026-04-04,0.0
VY,Nulles,2026-04-04,0.0
VZ,Espolla,2026-04-04,0.0
W1,Castelló d'Empúries,2026-04-04,0.0
W4,Vilafranca del Penedès - la Granada,2026-04-04,0.0
W5,Oliana,2026-04-04,0.0
W8,Blancafort,2026-04-04,0.0
W9,la Vall d'en Bas,2026-04-04,0.0
WA,Oliola,2026-04-04,0.0
WB,Albesa,2026-04-04,0.0
WC,Golmés,2026-04-04,0.0
WG,Algerri,2026-04-04,0.0
WI,Maials,2026-04-04,0.0
WJ,el Masroig,2026-04-04,0.0
WK,Alfarràs,2026-04-04,0.0
WL,Sant Martí de Riucorb,2026-04-04,0.0
WM,Santuari de Queralt,2026-04-04,0.0
WN,Montserrat - Sant Dimes,2026-04-04,0.0
WO,la Bisbal del Penedès,2026-04-04,0.0
WP,Canaletes,2026-04-04,0.0
WQ,Montsec d'Ares (1.571 m),2026-04-04,0.0
WR,Torroja del Priorat,2026-04-04,0.0
WS,Viladrau,2026-04-04,0.0
WT,Malgrat de Mar,2026-04-04,0.0
WU,Badalona - Museu,2026-04-04,0.0
WV,Guardiola de Berguedà,2026-04-04,0.0
WW,Artés,2026-04-04,0.0
WX,Camarasa,2026-04-04,0.0
WZ,Cunit,2026-04-04,0.0
X1,Falset,2026-04-04,0.0
X3,Alguaire,2026-04-04,0.0
X4,Barcelona - el Raval,2026-04-04,0.0
X5,PN dels Ports,2026-04-04,0.0
X6,Baldomar,2026-04-04,0.0
X7,Torres de Segre,2026-04-04,0.0
X8,Barcelona - Zona Universitària,2026-04-04,0.0
X9,Caldes de Montbui,2026-04-04,0.0
XA,la Panadella,2026-04-04,0.0
XB,la Llacuna,2026-04-04,0.0
XC,Castellbisbal,2026-04-04,0.0
XD,Ulldemolins,2026-04-04,0.0
XE,Tarragona - Complex Educatiu,2026-04-04,0.0
XF,Sabadell - Parc Agrari,2026-04-04,0.0
XG,Parets del Vallès,2026-04-04,0.0
XH,Sort,2026-04-04,0.0
XI,Mollerussa,2026-04-04,0.0
XJ,Girona,2026-04-04,0.0
XK,Puig Sesolles (1.666 m),2026-04-04,0.0
XL,el Prat de Llobregat,2026-04-04,0.0
XM,els Alamús,2026-04-04,0.0
XN,Seròs,2026-04-04,0.0
XO,Vic,2026-04-04,0.0
XP,Gandesa,2026-04-04,0.0
XQ,Tremp,2026-04-04,0.0
XR,Prades,2026-04-04,0.0
XS,Santa Coloma de Farners,2026-04-04,0.0
XT,Solsona,2026-04-04,0.0
XU,Canyelles,2026-04-04,0.0
XV,Sant Cugat del Vallès - CAR,2026-04-04,0.0
XX,Anglesola - Tornabous,2026-04-04,0.0
XY,Alcarràs,2026-04-04,0.0
XZ,Torroella de Fluvià,2026-04-04,0.0
Y4,Alinyà,2026-04-04,0.0
Y5,Navata,2026-04-04,0.0
Y6,Tivissa,2026-04-04,0.0
YA,Puigcerdà,2026-04-04,0.0
YB,Olot,2026-04-04,0.0
YC,la Pobla de Segur,2026-04-04,0.0
YD,les Borges Blanques,2026-04-04,0.0
YE,Massoteres,2026-04-04,0.0
YF,Miami Platja,2026-04-04,0.0
YG,Tírvia,2026-04-04,0.0
YH,Pujalt,2026-04-04,0.0
YJ,Lleida - la Femosa,2026-04-04,0.0
YK,Terrassa,2026-04-04,0.0
YL,Riudecanyes,2026-04-04,0.0
YM,Granollers,2026-04-04,0.0
YN,Vielha - Elipòrt,2026-04-04,0.0
YO,Sant Sadurní d'Anoia,2026-04-04,0.0
YP,Palafrugell,2026-04-04,0.0
YQ,Port de Barcelona - ZAL Prat,2026-04-04,0.0
YR,Vilanova i la Geltrú,2026-04-04,0.0
YS,Cabanes,2026-04-04,0.0
YT,Bonabé (1.691 m),2026-04-04,0.0
YU,Cantonigròs,2026-04-04,0.0
YV,Mataró,2026-04-04,0.0
YX,Batea,2026-04-04,0.0
YY,Viladecans - les Filipines,2026-04-04,0.0
Z1,Bonaigua (2.262 m),2026-04-04,0.0
Z2,Boí (2.537 m),2026-04-04,0.0
Z3,Malniu (2.229 m),2026-04-04,0.0
Z5,Certascan (2.398 m),2026-04-04,0.0
Z6,Sasseuva (2.226 m),2026-04-04,0.0
Z7,Espot (2.519 m),2026-04-04,0.0
Z9,Cadí Nord (2.145 m) - Prat d'Aguiló,2026-04-04,0.0
ZB,Salòria (2.451 m),2026-04-04,0.0
ZC,Ulldeter (2.413 m),2026-04-04,0.0
ZE,el Port del Comte (2.288 m),2026-04-04,0.0
C6,Castellnou de Seana,2026-04-05,0.0
C7,Tàrrega,2026-04-05,0.0
C8,Cervera,2026-04-05,0.0
C9,Mas de Barberans,2026-04-05,0.0
CC,Orís,2026-04-05,0.0
CD,la Seu d'Urgell - Bellestar,2026-04-05,0.0
CE,els Hostalets de Pierola,2026-04-05,0.0
CG,Molló - Fabert,2026-04-05,0.0
CI,Sant Pau de Segúries,2026-04-05,0.0
CJ,Organyà,2026-04-05,0.0
CL,Sant Salvador de Guardiola,2026-04-05,0.0
CP,Sant Romà d'Abella,2026-04-05,0.0
CQ,Vilanova de Meià,2026-04-05,0.0
CR,la Quar,2026-04-05,0.0
CT,el Pont de Suert,2026-04-05,0.0
CW,l'Espluga de Francolí,2026-04-05,0.0
CY,Muntanyola,2026-04-05,0.0
D1,Margalef,2026-04-05,0.0
D2,Vacarisses,2026-04-05,0.0
D3,Vallirana,2026-04-05,0.0
D4,Roses,2026-04-05,0.0
D5,Barcelona - Observatori Fabra,2026-04-05,0.0
D6,Portbou - coll dels Belitres,2026-04-05,0.0
D7,Vinebre,2026-04-05,0.0
D8,Horta de Sant Joan,2026-04-05,0.0
D9,el Vendrell,2026-04-05,0.0
DB,el Perelló,2026-04-05,0.0
DF,la Bisbal d'Empordà,2026-04-05,0.0
DG,Núria (1.971 m),2026-04-05,0.1
DI,Font-rubí,2026-04-05,0.0
DJ,Banyoles,2026-04-05,0.0
DK,Torredembarra,2026-04-05,0.0
DL,Illa de Buda,2026-04-05,0.1
DN,Anglès,2026-04-05,0.0
DO,Castell d'Aro,2026-04-05,0.0
DP,Das - Aeròdrom,2026-04-05,0.4
DQ,Vila-rodona,2026-04-05,0.0
H1,Òdena,2026-04-05,0.0
J5,Pantà de Darnius - Boadella,2026-04-05,0.0
KE,Pantà de Sau,2026-04-05,0.0
KP,Fogars de la Selva,2026-04-05,0.0
KX,la Roca del Vallès - ETAP Cardedeu,2026-04-05,0.0
M6,Sant Joan de les Abadesses,2026-04-05,0.0
MQ,Cardona,2026-04-05,0.0
MR,Pantà de Siurana,2026-04-05,0.0
MS,Castellar de n'Hug - el Clot del Moro,2026-04-05,0.1
MV,Guixers - Valls,2026-04-05,0.0
MW,Navès,2026-04-05,0.0
U2,Sant Pere Pescador,2026-04-05,0.0
U3,Sant Martí Sarroca,2026-04-05,0.0
U4,Castellnou de Bages,2026-04-05,0.0
U6,Vinyols i els Arcs - Cambrils,2026-04-05,0.0
U7,Aldover,2026-04-05,0.0
U9,l'Aldea,2026-04-05,0.0
UA,l'Ametlla de Mar,2026-04-05,0.0
UB,la Tallada d'Empordà,2026-04-05,0.0
UE,Torroella de Montgrí,2026-04-05,0.0
UF,PN del Garraf - el Rascler,2026-04-05,0.0
UH,el Montmell,2026-04-05,0.0
UI,Gisclareny,2026-04-05,0.0
UJ,Santa Coloma de Queralt,2026-04-05,0.0
UK,Sant Pere de Ribes - PN del Garraf,2026-04-05,0.0
UM,la Granadella,2026-04-05,0.0
UN,Cassà de la Selva,2026-04-05,0.0
UO,Fornells de la Selva,2026-04-05,0.0
UP,Cabrils,2026-04-05,0.0
UQ,Dosrius - PN Montnegre Corredor,2026-04-05,0.0
US,les Cases d'Alcanar,2026-04-05,0.0
UU,Amposta,2026-04-05,0.0
UW,els Alfacs,2026-04-05,0.0
UX,Ulldecona - els Valentins,2026-04-05,0.0
UY,Os de Balaguer - el Monestir d'Avellanes,2026-04-05,0.0
V1,Vallfogona de Balaguer,2026-04-05,0.0
V4,Montesquiu,2026-04-05,0.0
V5,Perafita,2026-04-05,0.0
V8,el Poal,2026-04-05,0.0
VA,Ascó,2026-04-05,0.0
VB,Benissanet,2026-04-05,0.0
VC,Pantà de Riba-roja,2026-04-05,0.0
VD,el Canós,2026-04-05,0.0
VH,Gimenells,2026-04-05,0.0
VK,Raimat,2026-04-05,0.0
VM,Vilanova de Segrià,2026-04-05,0.0
VO,Lladurs,2026-04-05,0.0
VP,Pinós,2026-04-05,0.0
VQ,Constantí,2026-04-05,0.0
VS,Lac Redon (2.245 m),2026-04-05,0.0
VU,Rellinars,2026-04-05,0.0
VV,Sant Llorenç Savall,2026-04-05,0.0
VX,Tagamanent - PN del Montseny,2026-04-05,0.0
VY,Nulles,2026-04-05,0.0
VZ,Espolla,2026-04-05,0.0
W1,Castelló d'Empúries,2026-04-05,0.0
W4,Vilafranca del Penedès - la Granada,2026-04-05,0.0
W5,Oliana,2026-04-05,0.0
W8,Blancafort,2026-04-05,0.0
W9,la Vall d'en Bas,2026-04-05,0.0
WA,Oliola,2026-04-05,0.0
WB,Albesa,2026-04-05,0.0
WC,Golmés,2026-04-05,0.0
WG,Algerri,2026-04-05,0.0
WI,Maials,2026-04-05,0.0
WJ,el Masroig,2026-04-05,0.0
WK,Alfarràs,2026-04-05,0.0
WL,Sant Martí de Riucorb,2026-04-05,0.0
WM,Santuari de Queralt,2026-04-05,0.0
WN,Montserrat - Sant Dimes,2026-04-05,0.0
WO,la Bisbal del Penedès,2026-04-05,0.0
WP,Canaletes,2026-04-05,0.0
WQ,Montsec d'Ares (1.571 m),2026-04-05,0.0
WR,Torroja del Priorat,2026-04-05,0.0
WS,Viladrau,2026-04-05,0.0
WT,Malgrat de Mar,2026-04-05,0.0
WU,Badalona - Museu,2026-04-05,0.0
WV,Guardiola de Berguedà,2026-04-05,0.0
WW,Artés,2026-04-05,0.0
WX,Camarasa,2026-04-05,0.0
WZ,Cunit,2026-04-05,0.0
X1,Falset,2026-04-05,0.0
X3,Alguaire,2026-04-05,0.0
X4,Barcelona - el Raval,2026-04-05,0.0
X5,PN dels Ports,2026-04-05,0.0
X6,Baldomar,2026-04-05,0.0
X7,Torres de Segre,2026-04-05,0.0
X8,Barcelona - Zona Universitària,2026-04-05,0.0
X9,Caldes de Montbui,2026-04-05,0.0
XA,la Panadella,2026-04-05,0.0
XB,la Llacuna,2026-04-05,0.0
XC,Castellbisbal,2026-04-05,0.0
XD,Ulldemolins,2026-04-05,0.0
XE,Tarragona - Complex Educatiu,2026-04-05,0.0
XF,Sabadell - Parc Agrari,2026-04-05,0.0
XG,Parets del Vallès,2026-04-05,0.0
XH,Sort,2026-04-05,0.0
XI,Mollerussa,2026-04-05,0.0
XJ,Girona,2026-04-05,0.0
XK,Puig Sesolles (1.666 m),2026-04-05,0.0
XL,el Prat de Llobregat,2026-04-05,0.0
XM,els Alamús,2026-04-05,0.0
XN,Seròs,2026-04-05,0.0
XO,Vic,2026-04-05,0.0
XP,Gandesa,2026-04-05,0.0
XQ,Tremp,2026-04-05,0.0
XR,Prades,2026-04-05,0.0
XS,Santa Coloma de Farners,2026-04-05,0.0
XT,Solsona,2026-04-05,0.0
XU,Canyelles,2026-04-05,0.0
XV,Sant Cugat del Vallès - CAR,2026-04-05,0.0
XX,Anglesola - Tornabous,2026-04-05,0.0
XY,Alcarràs,2026-04-05,0.0
XZ,Torroella de Fluvià,2026-04-05,0.0
Y4,Alinyà,2026-04-05,0.0
Y5,Navata,2026-04-05,0.0
Y6,Tivissa,2026-04-05,0.0
YA,Puigcerdà,2026-04-05,0.7
YB,Olot,2026-04-05,0.0
YC,la Pobla de Segur,2026-04-05,0.0
YD,les Borges Blanques,2026-04-05,0.0
YE,Massoteres,2026-04-05,0.0
YF,Miami Platja,2026-04-05,0.0
YG,Tírvia,2026-04-05,0.0
YH,Pujalt,2026-04-05,0.0
YJ,Lleida - la Femosa,2026-04-05,0.0
YK,Terrassa,2026-04-05,0.0
YL,Riudecanyes,2026-04-05,0.0
YM,Granollers,2026-04-05,0.0
YN,Vielha - Elipòrt,2026-04-05,0.0
YO,Sant Sadurní d'Anoia,2026-04-05,0.0
YP,Palafrugell,2026-04-05,0.0
YQ,Port de Barcelona - ZAL Prat,2026-04-05,0.0
YR,Vilanova i la Geltrú,2026-04-05,0.0
YS,Cabanes,2026-04-05,0.0
YT,Bonabé (1.691 m),2026-04-05,0.0
YU,Cantonigròs,2026-04-05,0.0
YV,Mataró,2026-04-05,0.0
YX,Batea,2026-04-05,0.0
YY,Viladecans - les Filipines,2026-04-05,0.0
Z1,Bonaigua (2.262 m),2026-04-05,0.0
Z2,Boí (2.537 m),2026-04-05,0.0
Z3,Malniu (2.229 m),2026-04-05,0.0
Z5,Certascan (2.398 m),2026-04-05,0.0
Z6,Sasseuva (2.226 m),2026-04-05,0.0
Z7,Espot (2.519 m),2026-04-05,0.0
Z9,Cadí Nord (2.145 m) - Prat d'Aguiló,2026-04-05,0.0
ZB,Salòria (2.451 m),2026-04-05,0.0
ZC,Ulldeter (2.413 m),2026-04-05,0.0
ZE,el Port del Comte (2.288 m),2026-04-05,0.0
C6,Castellnou de Seana,2026-04-06,0.0
C7,Tàrrega,2026-04-06,0.0
C8,Cervera,2026-04-06,0.0
C9,Mas de Barberans,2026-04-06,0.0
CC,Orís,2026-04-06,0.0
CD,la Seu d'Urgell - Bellestar,2026-04-06,0.0
CE,els Hostalets de Pierola,2026-04-06,0.0
CG,Molló - Fabert,2026-04-06,0.0
CI,Sant Pau de Segúries,2026-04-06,0.0
CJ,Organyà,2026-04-06,0.0
CL,Sant Salvador de Guardiola,2026-04-06,0.0
CP,Sant Romà d'Abella,2026-04-06,0.0
CQ,Vilanova de Meià,2026-04-06,0.0
CR,la Quar,2026-04-06,0.0
CT,el Pont de Suert,2026-04-06,0.0
CW,l'Espluga de Francolí,2026-04-06,0.0
CY,Muntanyola,2026-04-06,0.0
D1,Margalef,2026-04-06,0.0
D2,Vacarisses,2026-04-06,0.1
D3,Vallirana,2026-04-06,0.0
D4,Roses,2026-04-06,0.0
D5,Barcelona - Observatori Fabra,2026-04-06,0.0
D6,Portbou - coll dels Belitres,2026-04-06,0.0
D7,Vinebre,2026-04-06,0.0
D8,Horta de Sant Joan,2026-04-06,0.0
D9,el Vendrell,2026-04-06,0.0
DB,el Perelló,2026-04-06,0.0
DF,la Bisbal d'Empordà,2026-04-06,0.0
DG,Núria (1.971 m),2026-04-06,0.0
DI,Font-rubí,2026-04-06,0.0
DJ,Banyoles,2026-04-06,0.0
DK,Torredembarra,2026-04-06,0.0
DL,Illa de Buda,2026-04-06,0.0
DN,Anglès,2026-04-06,0.0
DO,Castell d'Aro,2026-04-06,0.0
DP,Das - Aeròdrom,2026-04-06,0.0
DQ,Vila-rodona,2026-04-06,0.0
H1,Òdena,2026-04-06,0.0
J5,Pantà de Darnius - Boadella,2026-04-06,0.0
KE,Pantà de Sau,2026-04-06,0.0
KP,Fogars de la Selva,2026-04-06,0.0
KX,la Roca del Vallès - ETAP Cardedeu,2026-04-06,0.0
M6,Sant Joan de les Abadesses,2026-04-06,0.0
MQ,Cardona,2026-04-06,0.0
MR,Pantà de Siurana,2026-04-06,0.0
MS,Castellar de n'Hug - el Clot del Moro,2026-04-06,0.0
MV,Guixers - Valls,2026-04-06,0.0
MW,Navès,2026-04-06,0.0
U2,Sant Pere Pescador,2026-04-06,0.1
U3,Sant Martí Sarroca,2026-04-06,0.0
U4,Castellnou de Bages,2026-04-06,0.0
U6,Vinyols i els Arcs - Cambrils,2026-04-06,0.0
U7,Aldover,2026-04-06,0.0
U9,l'Aldea,2026-04-06,0.0
UA,l'Ametlla de Mar,2026-04-06,0.0
UB,la Tallada d'Empordà,2026-04-06,0.1
UE,Torroella de Montgrí,2026-04-06,0.1
UF,PN del Garraf - el Rascler,2026-04-06,0.0
UH,el Montmell,2026-04-06,0.0
UI,Gisclareny,2026-04-06,0.0
UJ,Santa Coloma de Queralt,2026-04-06,0.0
UK,Sant Pere de Ribes - PN del Garraf,2026-04-06,0.0
UM,la Granadella,2026-04-06,0.0
UN,Cassà de la Selva,2026-04-06,0.0
UO,Fornells de la Selva,2026-04-06,0.0
UP,Cabrils,2026-04-06,0.0
UQ,Dosrius - PN Montnegre Corredor,2026-04-06,0.0
US,les Cases d'Alcanar,2026-04-06,0.0
UU,Amposta,2026-04-06,0.0
UW,els Alfacs,2026-04-06,0.0
UX,Ulldecona - els Valentins,2026-04-06,0.0
UY,Os de Balaguer - el Monestir d'Avellanes,2026-04-06,0.0
V1,Vallfogona de Balaguer,2026-04-06,0.0
V4,Montesquiu,2026-04-06,0.0
V5,Perafita,2026-04-06,0.0
V8,el Poal,2026-04-06,0.0
VA,Ascó,2026-04-06,0.0
VB,Benissanet,2026-04-06,0.0
VC,Pantà de Riba-roja,2026-04-06,0.0
VD,el Canós,2026-04-06,0.0
VH,Gimenells,2026-04-06,0.0
VK,Raimat,2026-04-06,0.0
VM,Vilanova de Segrià,2026-04-06,0.0
VO,Lladurs,2026-04-06,0.0
VP,Pinós,2026-04-06,0.0
VQ,Constantí,2026-04-06,0.0
VS,Lac Redon (2.245 m),2026-04-06,0.0
VU,Rellinars,2026-04-06,0.0
VV,Sant Llorenç Savall,2026-04-06,0.0
VX,Tagamanent - PN del Montseny,2026-04-06,0.0
VY,Nulles,2026-04-06,0.0
VZ,Espolla,2026-04-06,0.0
W1,Castelló d'Empúries,2026-04-06,0.0
W4,Vilafranca del Penedès - la Granada,2026-04-06,0.0
W5,Oliana,2026-04-06,0.0
W8,Blancafort,2026-04-06,0.0
W9,la Vall d'en Bas,2026-04-06,0.0
WA,Oliola,2026-04-06,0.0
WB,Albesa,2026-04-06,0.0
WC,Golmés,2026-04-06,0.0
WG,Algerri,2026-04-06,0.0
WI,Maials,2026-04-06,0.0
WJ,el Masroig,2026-04-06,0.0
WK,Alfarràs,2026-04-06,0.0
WL,Sant Martí de Riucorb,2026-04-06,0.0
WM,Santuari de Queralt,2026-04-06,0.0
WN,Montserrat - Sant Dimes,2026-04-06,0.0
WO,la Bisbal del Penedès,2026-04-06,0.0
WP,Canaletes,2026-04-06,0.0
WQ,Montsec d'Ares (1.571 m),2026-04-06,0.0
WR,Torroja del Priorat,2026-04-06,0.0
WS,Viladrau,2026-04-06,0.0
WT,Malgrat de Mar,2026-04-06,0.0
WU,Badalona - Museu,2026-04-06,0.0
WV,Guardiola de Berguedà,2026-04-06,0.0
WW,Artés,2026-04-06,0.0
WX,Camarasa,2026-04-06,0.0
WZ,Cunit,2026-04-06,0.0
X1,Falset,2026-04-06,0.0
X3,Alguaire,2026-04-06,0.0
X4,Barcelona - el Raval,2026-04-06,0.0
X5,PN dels Ports,2026-04-06,0.0
X6,Baldomar,2026-04-06,0.0
X7,Torres de Segre,2026-04-06,0.0
X8,Barcelona - Zona Universitària,2026-04-06,0.0
X9,Caldes de Montbui,2026-04-06,0.0
XA,la Panadella,2026-04-06,0.0
XB,la Llacuna,2026-04-06,0.0
XC,Castellbisbal,2026-04-06,0.0
XD,Ulldemolins,2026-04-06,0.0
XE,Tarragona - Complex Educatiu,2026-04-06,0.0
XF,Sabadell - Parc Agrari,2026-04-06,0.0
XG,Parets del Vallès,2026-04-06,0.0
XH,Sort,2026-04-06,0.0
XI,Mollerussa,2026-04-06,0.0
XJ,Girona,2026-04-06,0.0
XK,Puig Sesolles (1.666 m),2026-04-06,0.0
XL,el Prat de Llobregat,2026-04-06,0.0
XM,els Alamús,2026-04-06,0.0
XN,Seròs,2026-04-06,0.0
XO,Vic,2026-04-06,0.0
XP,Gandesa,2026-04-06,0.0
XQ,Tremp,2026-04-06,0.0
XR,Prades,2026-04-06,0.0
XS,Santa Coloma de Farners,2026-04-06,0.0
XT,Solsona,2026-04-06,0.0
XU,Canyelles,2026-04-06,0.0
XV,Sant Cugat del Vallès - CAR,2026-04-06,0.0
XX,Anglesola - Tornabous,2026-04-06,0.0
XY,Alcarràs,2026-04-06,0.0
XZ,Torroella de Fluvià,2026-04-06,0.0
Y4,Alinyà,2026-04-06,0.0
Y5,Navata,2026-04-06,0.0
Y6,Tivissa,2026-04-06,0.0
YA,Puigcerdà,2026-04-06,0.0
YB,Olot,2026-04-06,0.0
YC,la Pobla de Segur,2026-04-06,0.0
YD,les Borges Blanques,2026-04-06,0.0
YE,Massoteres,2026-04-06,0.0
YF,Miami Platja,2026-04-06,0.0
YG,Tírvia,2026-04-06,0.0
YH,Pujalt,2026-04-06,0.0
YJ,Lleida - la Femosa,2026-04-06,0.0
YK,Terrassa,2026-04-06,0.0
YL,Riudecanyes,2026-04-06,0.0
YM,Granollers,2026-04-06,0.0
YN,Vielha - Elipòrt,2026-04-06,0.0
YO,Sant Sadurní d'Anoia,2026-04-06,0.0
YP,Palafrugell,2026-04-06,0.0
YQ,Port de Barcelona - ZAL Prat,2026-04-06,0.0
YR,Vilanova i la Geltrú,2026-04-06,0.0
YS,Cabanes,2026-04-06,0.0
YT,Bonabé (1.691 m),2026-04-06,0.0
YU,Cantonigròs,2026-04-06,0.0
YV,Mataró,2026-04-06,0.0
YX,Batea,2026-04-06,0.0
YY,Viladecans - les Filipines,2026-04-06,0.0
Z1,Bonaigua (2.262 m),2026-04-06,0.0
Z2,Boí (2.537 m),2026-04-06,0.0
Z3,Malniu (2.229 m),2026-04-06,0.0
Z5,Certascan (2.398 m),2026-04-06,0.0
Z6,Sasseuva (2.226 m),2026-04-06,0.0
Z7,Espot (2.519 m),2026-04-06,0.0
Z9,Cadí Nord (2.145 m) - Prat d'Aguiló,2026-04-06,0.0
ZB,Salòria (2.451 m),2026-04-06,0.0
ZC,Ulldeter (2.413 m),2026-04-06,0.0
ZE,el Port del Comte (2.288 m),2026-04-06,0.0
C6,Castellnou de Seana,2026-04-07,0.0
C7,Tàrrega,2026-04-07,0.0
C8,Cervera,2026-04-07,0.0
C9,Mas de Barberans,2026-04-07,0.0
CC,Orís,2026-04-07,0.0
CD,la Seu d'Urgell - Bellestar,2026-04-07,0.0
CE,els Hostalets de Pierola,2026-04-07,0.0
CG,Molló - Fabert,2026-04-07,0.0
CI,Sant Pau de Segúries,2026-04-07,0.0
CJ,Organyà,2026-04-07,0.0
CL,Sant Salvador de Guardiola,2026-04-07,0.0
CP,Sant Romà d'Abella,2026-04-07,0.0
CQ,Vilanova de Meià,2026-04-07,0.0
CR,la Quar,2026-04-07,0.0
CT,el Pont de Suert,2026-04-07,0.0
CW,l'Espluga de Francolí,2026-04-07,0.0
CY,Muntanyola,2026-04-07,0.0
D1,Margalef,2026-04-07,0.0
D2,Vacarisses,2026-04-07,0.0
D3,Vallirana,2026-04-07,0.0
D4,Roses,2026-04-07,0.0
D5,Barcelona - Observatori Fabra,2026-04-07,0.0
D6,Portbou - coll dels Belitres,2026-04-07,0.0
D7,Vinebre,2026-04-07,0.0
D8,Horta de Sant Joan,2026-04-07,0.0
D9,el Vendrell,2026-04-07,0.0
DB,el Perelló,2026-04-07,0.0
DF,la Bisbal d'Empordà,2026-04-07,0.0
DG,Núria (1.971 m),2026-04-07,0.0
DI,Font-rubí,2026-04-07,0.0
DJ,Banyoles,2026-04-07,0.0
DK,Torredembarra,2026-04-07,0.0
DL,Illa de Buda,2026-04-07,0.2
DN,Anglès,2026-04-07,0.0
DO,Castell d'Aro,2026-04-07,0.0
DP,Das - Aeròdrom,2026-04-07,0.0
DQ,Vila-rodona,2026-04-07,0.0
H1,Òdena,2026-04-07,0.0
J5,Pantà de Darnius - Boadella,2026-04-07,0.1
KE,Pantà de Sau,2026-04-07,0.0
KP,Fogars de la Selva,2026-04-07,0.0
KX,la Roca del Vallès - ETAP Cardedeu,2026-04-07,0.0
M6,Sant Joan de les Abadesses,2026-04-07,0.0
MQ,Cardona,2026-04-07,0.0
MR,Pantà de Siurana,2026-04-07,0.0
MS,Castellar de n'Hug - el Clot del Moro,2026-04-07,0.0
MV,Guixers - Valls,2026-04-07,0.0
MW,Navès,2026-04-07,0.0
U2,Sant Pere Pescador,2026-04-07,0.0
U3,Sant Martí Sarroca,2026-04-07,0.0
U4,Castellnou de Bages,2026-04-07,0.0
U6,Vinyols i els Arcs - Cambrils,2026-04-07,0.0
U7,Aldover,2026-04-07,0.0
U9,l'Aldea,2026-04-07,0.0
UA,l'Ametlla de Mar,2026-04-07,0.0
UB,la Tallada d'Empordà,2026-04-07,0.0
UE,Torroella de Montgrí,2026-04-07,0.0
UF,PN del Garraf - el Rascler,2026-04-07,0.0
UH,el Montmell,2026-04-07,0.0
UI,Gisclareny,2026-04-07,0.0
UJ,Santa Coloma de Queralt,2026-04-07,0.0
UK,Sant Pere de Ribes - PN del Garraf,2026-04-07,0.0
UM,la Granadella,2026-04-07,0.0
UN,Cassà de la Selva,2026-04-07,0.0
UO,Fornells de la Selva,2026-04-07,0.0
UP,Cabrils,2026-04-07,0.0
UQ,Dosrius - PN Montnegre Corredor,2026-04-07,0.0
US,les Cases d'Alcanar,2026-04-07,0.0
UU,Amposta,2026-04-07,0.0
UW,els Alfacs,2026-04-07,0.0
UX,Ulldecona - els Valentins,2026-04-07,0.0
UY,Os de Balaguer - el Monestir d'Avellanes,2026-04-07,0.0
V1,Vallfogona de Balaguer,2026-04-07,0.0
V4,Montesquiu,2026-04-07,0.0
V5,Perafita,2026-04-07,0.0
V8,el Poal,2026-04-07,0.0
VA,Ascó,2026-04-07,0.0
VB,Benissanet,2026-04-07,0.0
VC,Pantà de Riba-roja,2026-04-07,0.0
VD,el Canós,2026-04-07,0.0
VH,Gimenells,2026-04-07,0.0
VK,Raimat,2026-04-07,0.0
VM,Vilanova de Segrià,2026-04-07,0.0
VO,Lladurs,2026-04-07,0.0
VP,Pinós,2026-04-07,0.0
VQ,Constantí,2026-04-07,0.0
VS,Lac Redon (2.245 m),2026-04-07,0.0
VU,Rellinars,2026-04-07,0.0
VV,Sant Llorenç Savall,2026-04-07,0.0
VX,Tagamanent - PN del Montseny,2026-04-07,0.0
VY,Nulles,2026-04-07,0.0
VZ,Espolla,2026-04-07,0.0
W1,Castelló d'Empúries,2026-04-07,0.0
W4,Vilafranca del Penedès - la Granada,2026-04-07,0.0
W5,Oliana,2026-04-07,0.0
W8,Blancafort,2026-04-07,0.0
W9,la Vall d'en Bas,2026-04-07,0.0
WA,Oliola,2026-04-07,0.0
WB,Albesa,2026-04-07,0.0
WC,Golmés,2026-04-07,0.0
WG,Algerri,2026-04-07,0.0
WI,Maials,2026-04-07,0.0
WJ,el Masroig,2026-04-07,0.0
WK,Alfarràs,2026-04-07,0.0
WL,Sant Martí de Riucorb,2026-04-07,0.0
WM,Santuari de Queralt,2026-04-07,0.0
WN,Montserrat - Sant Dimes,2026-04-07,0.0
WO,la Bisbal del Penedès,2026-04-07,0.0
WP,Canaletes,2026-04-07,0.0
WQ,Montsec d'Ares (1.571 m),2026-04-07,0.0
WR,Torroja del Priorat,2026-04-07,0.0
WS,Viladrau,2026-04-07,0.0
WT,Malgrat de Mar,2026-04-07,0.0
WU,Badalona - Museu,2026-04-07,0.0
WV,Guardiola de Berguedà,2026-04-07,0.0
WW,Artés,2026-04-07,0.0
WX,Camarasa,2026-04-07,0.0
WZ,Cunit,2026-04-07,0.0
X1,Falset,2026-04-07,0.0
X3,Alguaire,2026-04-07,0.0
X4,Barcelona - el Raval,2026-04-07,0.0
X5,PN dels Ports,2026-04-07,0.0
X6,Baldomar,2026-04-07,0.0
X7,Torres de Segre,2026-04-07,0.0
X8,Barcelona - Zona Universitària,2026-04-07,0.0
X9,Caldes de Montbui,2026-04-07,0.0
XA,la Panadella,2026-04-07,0.0
XB,la Llacuna,2026-04-07,0.0
XC,Castellbisbal,2026-04-07,0.0
XD,Ulldemolins,2026-04-07,0.0
XE,Tarragona - Complex Educatiu,2026-04-07,0.0
XF,Sabadell - Parc Agrari,2026-04-07,0.0
XG,Parets del Vallès,2026-04-07,0.0
XH,Sort,2026-04-07,0.0
XI,Mollerussa,2026-04-07,0.0
XJ,Girona,2026-04-07,0.0
XK,Puig Sesolles (1.666 m),2026-04-07,0.0
XL,el Prat de Llobregat,2026-04-07,0.0
XM,els Alamús,2026-04-07,0.0
XN,Seròs,2026-04-07,0.0
XO,Vic,2026-04-07,0.0
XP,Gandesa,2026-04-07,0.0
XQ,Tremp,2026-04-07,0.0
XR,Prades,2026-04-07,0.0
XS,Santa Coloma de Farners,2026-04-07,0.0
XT,Solsona,2026-04-07,0.0
XU,Canyelles,2026-04-07,0.0
XV,Sant Cugat del Vallès - CAR,2026-04-07,0.0
XX,Anglesola - Tornabous,2026-04-07,0.0
XY,Alcarràs,2026-04-07,0.0
XZ,Torroella de Fluvià,2026-04-07,0.0
Y4,Alinyà,2026-04-07,0.0
Y5,Navata,2026-04-07,0.0
Y6,Tivissa,2026-04-07,0.0
YA,Puigcerdà,2026-04-07,0.0
YB,Olot,2026-04-07,0.0
YC,la Pobla de Segur,2026-04-07,0.0
YD,les Borges Blanques,2026-04-07,0.0
YE,Massoteres,2026-04-07,0.0
YF,Miami Platja,2026-04-07,0.0
YG,Tírvia,2026-04-07,0.0
YH,Pujalt,2026-04-07,0.0
YJ,Lleida - la Femosa,2026-04-07,0.0
YK,Terrassa,2026-04-07,0.0
YL,Riudecanyes,2026-04-07,0.0
YM,Granollers,2026-04-07,0.0
YN,Vielha - Elipòrt,2026-04-07,0.0
YO,Sant Sadurní d'Anoia,2026-04-07,0.0
YP,Palafrugell,2026-04-07,0.0
YQ,Port de Barcelona - ZAL Prat,2026-04-07,0.0
YR,Vilanova i la Geltrú,2026-04-07,0.0
YS,Cabanes,2026-04-07,0.0
YT,Bonabé (1.691 m),2026-04-07,0.0
YU,Cantonigròs,2026-04-07,0.0
YV,Mataró,2026-04-07,0.0
YX,Batea,2026-04-07,0.0
YY,Viladecans - les Filipines,2026-04-07,0.0
Z1,Bonaigua (2.262 m),2026-04-07,0.0
Z2,Boí (2.537 m),2026-04-07,0.0
Z3,Malniu (2.229 m),2026-04-07,0.0
Z5,Certascan (2.398 m),2026-04-07,0.0
Z6,Sasseuva (2.226 m),2026-04-07,0.0
Z7,Espot (2.519 m),2026-04-07,0.0
Z9,Cadí Nord (2.145 m) - Prat d'Aguiló,2026-04-07,0.0
ZB,Salòria (2.451 m),2026-04-07,0.0
ZC,Ulldeter (2.413 m),2026-04-07,0.0
ZE,el Port del Comte (2.288 m),2026-04-07,0.0
C6,Castellnou de Seana,2026-04-08,0.0
C7,Tàrrega,2026-04-08,0.0
C8,Cervera,2026-04-08,0.0
C9,Mas de Barberans,2026-04-08,0.0
CC,Orís,2026-04-08,0.0
CD,la Seu d'Urgell - Bellestar,2026-04-08,0.0
CE,els Hostalets de Pierola,2026-04-08,0.0
CG,Molló - Fabert,2026-04-08,0.0
CI,Sant Pau de Segúries,2026-04-08,0.0
CJ,Organyà,2026-04-08,0.0
CL,Sant Salvador de Guardiola,2026-04-08,0.0
CP,Sant Romà d'Abella,2026-04-08,0.0
CQ,Vilanova de Meià,2026-04-08,0.0
CR,la Quar,2026-04-08,0.0
CT,el Pont de Suert,2026-04-08,0.0
CW,l'Espluga de Francolí,2026-04-08,0.0
CY,Muntanyola,2026-04-08,0.0
D1,Margalef,2026-04-08,0.0
D2,Vacarisses,2026-04-08,0.0
D3,Vallirana,2026-04-08,0.0
D4,Roses,2026-04-08,0.0
D5,Barcelona - Observatori Fabra,2026-04-08,0.0
D6,Portbou - coll dels Belitres,2026-04-08,0.3
D7,Vinebre,2026-04-08,0.0
D8,Horta de Sant Joan,2026-04-08,0.0
D9,el Vendrell,2026-04-08,0.0
DB,el Perelló,2026-04-08,0.0
DF,la Bisbal d'Empordà,2026-04-08,0.0
DG,Núria (1.971 m),2026-04-08,0.0
DI,Font-rubí,2026-04-08,0.0
DJ,Banyoles,2026-04-08,0.1
DK,Torredembarra,2026-04-08,0.0
DL,Illa de Buda,2026-04-08,0.0
DN,Anglès,2026-04-08,0.0
DO,Castell d'Aro,2026-04-08,0.1
DP,Das - Aeròdrom,2026-04-08,0.0
DQ,Vila-rodona,2026-04-08,0.0
H1,Òdena,2026-04-08,0.0
J5,Pantà de Darnius - Boadella,2026-04-08,0.0
KE,Pantà de Sau,2026-04-08,0.0
KP,Fogars de la Selva,2026-04-08,0.0
KX,la Roca del Vallès - ETAP Cardedeu,2026-04-08,0.0
M6,Sant Joan de les Abadesses,2026-04-08,0.0
MQ,Cardona,2026-04-08,0.0
MR,Pantà de Siurana,2026-04-08,0.0
MS,Castellar de n'Hug - el Clot del Moro,2026-04-08,0.0
MV,Guixers - Valls,2026-04-08,0.0
MW,Navès,2026-04-08,0.0
U2,Sant Pere Pescador,2026-04-08,0.1
U3,Sant Martí Sarroca,2026-04-08,0.0
U4,Castellnou de Bages,2026-04-08,0.0
U6,Vinyols i els Arcs - Cambrils,2026-04-08,0.0
U7,Aldover,2026-04-08,0.0
U9,l'Aldea,2026-04-08,0.0
UA,l'Ametlla de Mar,2026-04-08,0.0
UB,la Tallada d'Empordà,2026-04-08,0.2
UE,Torroella de Montgrí,2026-04-08,0.1
UF,PN del Garraf - el Rascler,2026-04-08,0.0
UH,el Montmell,2026-04-08,0.0
UI,Gisclareny,2026-04-08,0.0
UJ,Santa Coloma de Queralt,2026-04-08,0.0
UK,Sant Pere de Ribes - PN del Garraf,2026-04-08,0.0
UM,la Granadella,2026-04-08,0.0
UN,Cassà de la Selva,2026-04-08,0.1
UO,Fornells de la Selva,2026-04-08,0.2
UP,Cabrils,2026-04-08,0.0
UQ,Dosrius - PN Montnegre Corredor,2026-04-08,0.0
US,les Cases d'Alcanar,2026-04-08,0.0
UU,Amposta,2026-04-08,0.0
UW,els Alfacs,2026-04-08,0.0
UX,Ulldecona - els Valentins,2026-04-08,0.0
UY,Os de Balaguer - el Monestir d'Avellanes,2026-04-08,0.0
V1,Vallfogona de Balaguer,2026-04-08,0.0
V4,Montesquiu,2026-04-08,0.0
V5,Perafita,2026-04-08,0.0
V8,el Poal,2026-04-08,0.0
VA,Ascó,2026-04-08,0.0
VB,Benissanet,2026-04-08,0.0
VC,Pantà de Riba-roja,2026-04-08,0.0
VD,el Canós,2026-04-08,0.0
VH,Gimenells,2026-04-08,0.0
VK,Raimat,2026-04-08,0.0
VM,Vilanova de Segrià,2026-04-08,0.0
VO,Lladurs,2026-04-08,0.0
VP,Pinós,2026-04-08,0.0
VQ,Constantí,2026-04-08,0.0
VS,Lac Redon (2.245 m),2026-04-08,0.0
VU,Rellinars,2026-04-08,0.0
VV,Sant Llorenç Savall,2026-04-08,0.0
VX,Tagamanent - PN del Montseny,2026-04-08,0.0
VY,Nulles,2026-04-08,0.0
VZ,Espolla,2026-04-08,0.0
W1,Castelló d'Empúries,2026-04-08,0.0
W4,Vilafranca del Penedès - la Granada,2026-04-08,0.0
W5,Oliana,2026-04-08,0.0
W8,Blancafort,2026-04-08,0.0
W9,la Vall d'en Bas,2026-04-08,0.0
WA,Oliola,2026-04-08,0.0
WB,Albesa,2026-04-08,0.0
WC,Golmés,2026-04-08,0.0
WG,Algerri,2026-04-08,0.0
WI,Maials,2026-04-08,0.0
WJ,el Masroig,2026-04-08,0.0
WK,Alfarràs,2026-04-08,0.0
WL,Sant Martí de Riucorb,2026-04-08,0.0
WM,Santuari de Queralt,2026-04-08,0.0
WN,Montserrat - Sant Dimes,2026-04-08,0.0
WO,la Bisbal del Penedès,2026-04-08,0.0
WP,Canaletes,2026-04-08,0.0
WQ,Montsec d'Ares (1.571 m),2026-04-08,0.0
WR,Torroja del Priorat,2026-04-08,0.0
WS,Viladrau,2026-04-08,0.0
WT,Malgrat de Mar,2026-04-08,0.0
WU,Badalona - Museu,2026-04-08,0.0
WV,Guardiola de Berguedà,2026-04-08,0.0
WW,Artés,2026-04-08,0.0
WX,Camarasa,2026-04-08,0.0
WZ,Cunit,2026-04-08,0.0
X1,Falset,2026-04-08,0.0
X3,Alguaire,2026-04-08,0.0
X4,Barcelona - el Raval,2026-04-08,0.0
X5,PN dels Ports,2026-04-08,0.0
X6,Baldomar,2026-04-08,0.0
X7,Torres de Segre,2026-04-08,0.0
X8,Barcelona - Zona Universitària,2026-04-08,0.0
X9,Caldes de Montbui,2026-04-08,0.0
XA,la Panadella,2026-04-08,0.0
XB,la Llacuna,2026-04-08,0.0
XC,Castellbisbal,2026-04-08,0.0
XD,Ulldemolins,2026-04-08,0.0
XE,Tarragona - Complex Educatiu,2026-04-08,0.0
XF,Sabadell - Parc Agrari,2026-04-08,0.0
XG,Parets del Vallès,2026-04-08,0.0
XH,Sort,2026-04-08,0.0
XI,Mollerussa,2026-04-08,0.0
XJ,Girona,2026-04-08,0.0
XK,Puig Sesolles (1.666 m),2026-04-08,0.0
XL,el Prat de Llobregat,2026-04-08,0.0
XM,els Alamús,2026-04-08,0.0
XN,Seròs,2026-04-08,0.0
XO,Vic,2026-04-08,0.0
XP,Gandesa,2026-04-08,0.0
XQ,Tremp,2026-04-08,0.0
XR,Prades,2026-04-08,0.0
XS,Santa Coloma de Farners,2026-04-08,0.0
XT,Solsona,2026-04-08,0.0
XU,Canyelles,2026-04-08,0.0
XV,Sant Cugat del Vallès - CAR,2026-04-08,0.0
XX,Anglesola - Tornabous,2026-04-08,0.0
XY,Alcarràs,2026-04-08,0.0
XZ,Torroella de Fluvià,2026-04-08,0.1
Y4,Alinyà,2026-04-08,0.0
Y5,Navata,2026-04-08,0.1
Y6,Tivissa,2026-04-08,0.0
YA,Puigcerdà,2026-04-08,0.0
YB,Olot,2026-04-08,0.0
YC,la Pobla de Segur,2026-04-08,0.0
YD,les Borges Blanques,2026-04-08,0.0
YE,Massoteres,2026-04-08,0.0
YF,Miami Platja,2026-04-08,0.0
YG,Tírvia,2026-04-08,0.0
YH,Pujalt,2026-04-08,0.0
YJ,Lleida - la Femosa,2026-04-08,0.0
YK,Terrassa,2026-04-08,0.0
YL,Riudecanyes,2026-04-08,0.0
YM,Granollers,2026-04-08,0.0
YN,Vielha - Elipòrt,2026-04-08,0.0
YO,Sant Sadurní d'Anoia,2026-04-08,0.0
YP,Palafrugell,2026-04-08,0.0
YQ,Port de Barcelona - ZAL Prat,2026-04-08,0.0
YR,Vilanova i la Geltrú,2026-04-08,0.0
YS,Cabanes,2026-04-08,0.0
YT,Bonabé (1.691 m),2026-04-08,0.0
YU,Cantonigròs,2026-04-08,0.0
YV,Mataró,2026-04-08,0.0
YX,Batea,2026-04-08,0.0
YY,Viladecans - les Filipines,2026-04-08,0.0
Z1,Bonaigua (2.262 m),2026-04-08,0.0
Z2,Boí (2.537 m),2026-04-08,0.0
Z3,Malniu (2.229 m),2026-04-08,0.0
Z5,Certascan (2.398 m),2026-04-08,0.0
Z6,Sasseuva (2.226 m),2026-04-08,0.0
Z7,Espot (2.519 m),2026-04-08,0.0
Z9,Cadí Nord (2.145 m) - Prat d'Aguiló,2026-04-08,0.0
ZB,Salòria (2.451 m),2026-04-08,0.0
ZC,Ulldeter (2.413 m),2026-04-08,0.0
ZE,el Port del Comte (2.288 m),2026-04-08,0.0
C6,Castellnou de Seana,2026-04-09,0.0
C7,Tàrrega,2026-04-09,0.0
C8,Cervera,2026-04-09,0.0
C9,Mas de Barberans,2026-04-09,0.0
CC,Orís,2026-04-09,0.0
CD,la Seu d'Urgell - Bellestar,2026-04-09,0.0
CE,els Hostalets de Pierola,2026-04-09,0.0
CG,Molló - Fabert,2026-04-09,0.0
CI,Sant Pau de Segúries,2026-04-09,0.0
CJ,Organyà,2026-04-09,0.0
CL,Sant Salvador de Guardiola,2026-04-09,0.0
CP,Sant Romà d'Abella,2026-04-09,0.0
CQ,Vilanova de Meià,2026-04-09,0.0
CR,la Quar,2026-04-09,0.0
CT,el Pont de Suert,2026-04-09,0.0
CW,l'Espluga de Francolí,2026-04-09,0.0
CY,Muntanyola,2026-04-09,0.0
D1,Margalef,2026-04-09,0.0
D2,Vacarisses,2026-04-09,0.0
D3,Vallirana,2026-04-09,0.0
D4,Roses,2026-04-09,0.0
D5,Barcelona - Observatori Fabra,2026-04-09,0.0
D6,Portbou - coll dels Belitres,2026-04-09,0.0
D7,Vinebre,2026-04-09,0.0
D8,Horta de Sant Joan,2026-04-09,0.0
D9,el Vendrell,2026-04-09,0.0
DB,el Perelló,2026-04-09,0.0
DF,la Bisbal d'Empordà,2026-04-09,0.0
DG,Núria (1.971 m),2026-04-09,0.0
DI,Font-rubí,2026-04-09,0.0
DJ,Banyoles,2026-04-09,0.0
DK,Torredembarra,2026-04-09,0.0
DL,Illa de Buda,2026-04-09,0.0
DN,Anglès,2026-04-09,0.0
DO,Castell d'Aro,2026-04-09,0.0
DP,Das - Aeròdrom,2026-04-09,0.0
DQ,Vila-rodona,2026-04-09,0.0
H1,Òdena,2026-04-09,0.0
J5,Pantà de Darnius - Boadella,2026-04-09,0.0
KE,Pantà de Sau,2026-04-09,0.0
KP,Fogars de la Selva,2026-04-09,0.0
KX,la Roca del Vallès - ETAP Cardedeu,2026-04-09,0.0
M6,Sant Joan de les Abadesses,2026-04-09,0.0
MQ,Cardona,2026-04-09,0.0
MR,Pantà de Siurana,2026-04-09,0.0
MS,Castellar de n'Hug - el Clot del Moro,2026-04-09,0.0
MV,Guixers - Valls,2026-04-09,0.0
MW,Navès,2026-04-09,0.0
U2,Sant Pere Pescador,2026-04-09,0.1
U3,Sant Martí Sarroca,2026-04-09,0.0
U4,Castellnou de Bages,2026-04-09,0.0
U6,Vinyols i els Arcs - Cambrils,2026-04-09,0.0
U7,Aldover,2026-04-09,0.0
U9,l'Aldea,2026-04-09,0.0
UA,l'Ametlla de Mar,2026-04-09,0.0
UB,la Tallada d'Empordà,2026-04-09,0.1
UE,Torroella de Montgrí,2026-04-09,0.1
UF,PN del Garraf - el Rascler,2026-04-09,0.0
UH,el Montmell,2026-04-09,0.0
UI,Gisclareny,2026-04-09,0.0
UJ,Santa Coloma de Queralt,2026-04-09,0.0
UK,Sant Pere de Ribes - PN del Garraf,2026-04-09,0.0
UM,la Granadella,2026-04-09,0.0
UN,Cassà de la Selva,2026-04-09,0.1
UO,Fornells de la Selva,2026-04-09,0.0
UP,Cabrils,2026-04-09,0.0
UQ,Dosrius - PN Montnegre Corredor,2026-04-09,0.0
US,les Cases d'Alcanar,2026-04-09,0.0
UU,Amposta,2026-04-09,0.0
UW,els Alfacs,2026-04-09,0.0
UX,Ulldecona - els Valentins,2026-04-09,0.0
UY,Os de Balaguer - el Monestir d'Avellanes,2026-04-09,0.0
V1,Vallfogona de Balaguer,2026-04-09,0.0
V4,Montesquiu,2026-04-09,0.0
V5,Perafita,2026-04-09,0.0
V8,el Poal,2026-04-09,0.0
VA,Ascó,2026-04-09,0.0
VB,Benissanet,2026-04-09,0.0
VC,Pantà de Riba-roja,2026-04-09,0.0
VD,el Canós,2026-04-09,0.0
VH,Gimenells,2026-04-09,0.0
VK,Raimat,2026-04-09,0.0
VM,Vilanova de Segrià,2026-04-09,0.0
VO,Lladurs,2026-04-09,0.0
VP,Pinós,2026-04-09,0.0
VQ,Constantí,2026-04-09,0.0
VS,Lac Redon (2.245 m),2026-04-09,0.0
VU,Rellinars,2026-04-09,0.0
VV,Sant Llorenç Savall,2026-04-09,0.0
VX,Tagamanent - PN del Montseny,2026-04-09,0.0
VY,Nulles,2026-04-09,0.0
VZ,Espolla,2026-04-09,0.0
W1,Castelló d'Empúries,2026-04-09,0.0
W4,Vilafranca del Penedès - la Granada,2026-04-09,0.0
W5,Oliana,2026-04-09,0.0
W8,Blancafort,2026-04-09,0.0
W9,la Vall d'en Bas,2026-04-09,0.0
WA,Oliola,2026-04-09,0.0
WB,Albesa,2026-04-09,0.0
WC,Golmés,2026-04-09,0.0
WG,Algerri,2026-04-09,0.0
WI,Maials,2026-04-09,0.0
WJ,el Masroig,2026-04-09,0.0
WK,Alfarràs,2026-04-09,0.0
WL,Sant Martí de Riucorb,2026-04-09,0.0
WM,Santuari de Queralt,2026-04-09,0.0
WN,Montserrat - Sant Dimes,2026-04-09,0.0
WO,la Bisbal del Penedès,2026-04-09,0.0
WP,Canaletes,2026-04-09,0.0
WQ,Montsec d'Ares (1.571 m),2026-04-09,0.0
WR,Torroja del Priorat,2026-04-09,0.0
WS,Viladrau,2026-04-09,0.0
WT,Malgrat de Mar,2026-04-09,0.0
WU,Badalona - Museu,2026-04-09,0.0
WV,Guardiola de Berguedà,2026-04-09,0.0
WW,Artés,2026-04-09,0.0
WX,Camarasa,2026-04-09,0.0
WZ,Cunit,2026-04-09,0.0
X1,Falset,2026-04-09,0.0
X3,Alguaire,2026-04-09,0.0
X4,Barcelona - el Raval,2026-04-09,0.1
X5,PN dels Ports,2026-04-09,0.0
X6,Baldomar,2026-04-09,0.0
X7,Torres de Segre,2026-04-09,0.0
X8,Barcelona - Zona Universitària,2026-04-09,0.0
X9,Caldes de Montbui,2026-04-09,0.0
XA,la Panadella,2026-04-09,0.0
XB,la Llacuna,2026-04-09,0.0
XC,Castellbisbal,2026-04-09,0.0
XD,Ulldemolins,2026-04-09,0.0
XE,Tarragona - Complex Educatiu,2026-04-09,0.0
XF,Sabadell - Parc Agrari,2026-04-09,0.0
XG,Parets del Vallès,2026-04-09,0.0
XH,Sort,2026-04-09,0.0
XI,Mollerussa,2026-04-09,0.0
XJ,Girona,2026-04-09,0.0
XK,Puig Sesolles (1.666 m),2026-04-09,0.0
XL,el Prat de Llobregat,2026-04-09,0.0
XM,els Alamús,2026-04-09,0.0
XN,Seròs,2026-04-09,0.0
XO,Vic,2026-04-09,0.0
XP,Gandesa,2026-04-09,0.0
XQ,Tremp,2026-04-09,0.0
XR,Prades,2026-04-09,0.0
XS,Santa Coloma de Farners,2026-04-09,0.0
XT,Solsona,2026-04-09,0.0
XU,Canyelles,2026-04-09,0.0
XV,Sant Cugat del Vallès - CAR,2026-04-09,0.0
XX,Anglesola - Tornabous,2026-04-09,0.0
XY,Alcarràs,2026-04-09,0.0
XZ,Torroella de Fluvià,2026-04-09,0.1
Y4,Alinyà,2026-04-09,0.0
Y5,Navata,2026-04-09,0.1
Y6,Tivissa,2026-04-09,0.0
YA,Puigcerdà,2026-04-09,0.0
YB,Olot,2026-04-09,0.0
YC,la Pobla de Segur,2026-04-09,0.0
YD,les Borges Blanques,2026-04-09,0.0
YE,Massoteres,2026-04-09,0.0
YF,Miami Platja,2026-04-09,0.0
YG,Tírvia,2026-04-09,0.0
YH,Pujalt,2026-04-09,0.0
YJ,Lleida - la Femosa,2026-04-09,0.0
YK,Terrassa,2026-04-09,0.0
YL,Riudecanyes,2026-04-09,0.0
YM,Granollers,2026-04-09,0.0
YN,Vielha - Elipòrt,2026-04-09,0.0
YO,Sant Sadurní d'Anoia,2026-04-09,0.0
YP,Palafrugell,2026-04-09,0.1
YQ,Port de Barcelona - ZAL Prat,2026-04-09,0.1
YR,Vilanova i la Geltrú,2026-04-09,0.0
YS,Cabanes,2026-04-09,0.0
YT,Bonabé (1.691 m),2026-04-09,0.0
YU,Cantonigròs,2026-04-09,0.0
YV,Mataró,2026-04-09,0.0
YX,Batea,2026-04-09,0.0
YY,Viladecans - les Filipines,2026-04-09,0.0
Z1,Bonaigua (2.262 m),2026-04-09,0.0
Z2,Boí (2.537 m),2026-04-09,0.0
Z3,Malniu (2.229 m),2026-04-09,0.0
Z5,Certascan (2.398 m),2026-04-09,0.0
Z6,Sasseuva (2.226 m),2026-04-09,0.0
Z7,Espot (2.519 m),2026-04-09,0.0
Z9,Cadí Nord (2.145 m) - Prat d'Aguiló,2026-04-09,0.0
ZB,Salòria (2.451 m),2026-04-09,0.0
ZC,Ulldeter (2.413 m),2026-04-09,0.0
ZE,el Port del Comte (2.288 m),2026-04-09,0.0
C6,Castellnou de Seana,2026-04-10,0.0
C7,Tàrrega,2026-04-10,0.0
C8,Cervera,2026-04-10,0.0
C9,Mas de Barberans,2026-04-10,0.0
CC,Orís,2026-04-10,0.0
CD,la Seu d'Urgell - Bellestar,2026-04-10,0.0
CE,els Hostalets de Pierola,2026-04-10,0.0
CG,Molló - Fabert,2026-04-10,0.0
CI,Sant Pau de Segúries,2026-04-10,0.0
CJ,Organyà,2026-04-10,0.0
CL,Sant Salvador de Guardiola,2026-04-10,0.0
CP,Sant Romà d'Abella,2026-04-10,0.0
CQ,Vilanova de Meià,2026-04-10,0.0
CR,la Quar,2026-04-10,0.0
CT,el Pont de Suert,2026-04-10,0.0
CW,l'Espluga de Francolí,2026-04-10,0.0
CY,Muntanyola,2026-04-10,0.0
D1,Margalef,2026-04-10,0.0
D2,Vacarisses,2026-04-10,0.0
D3,Vallirana,2026-04-10,0.0
D4,Roses,2026-04-10,0.0
D5,Barcelona - Observatori Fabra,2026-04-10,0.0
D6,Portbou - coll dels Belitres,2026-04-10,0.0
D7,Vinebre,2026-04-10,0.0
D8,Horta de Sant Joan,2026-04-10,0.0
D9,el Vendrell,2026-04-10,0.0
DB,el Perelló,2026-04-10,0.0
DF,la Bisbal d'Empordà,2026-04-10,0.0
DG,Núria (1.971 m),2026-04-10,0.0
DI,Font-rubí,2026-04-10,0.0
DJ,Banyoles,2026-04-10,0.0
DK,Torredembarra,2026-04-10,0.0
DL,Illa de Buda,2026-04-10,0.1
DN,Anglès,2026-04-10,0.0
DO,Castell d'Aro,2026-04-10,0.0
DP,Das - Aeròdrom,2026-04-10,0.0
DQ,Vila-rodona,2026-04-10,0.0
H1,Òdena,2026-04-10,0.0
J5,Pantà de Darnius - Boadella,2026-04-10,0.0
KE,Pantà de Sau,2026-04-10,0.0
KP,Fogars de la Selva,2026-04-10,0.0
KX,la Roca del Vallès - ETAP Cardedeu,2026-04-10,0.0
M6,Sant Joan de les Abadesses,2026-04-10,0.0
MQ,Cardona,2026-04-10,0.0
MR,Pantà de Siurana,2026-04-10,0.0
MS,Castellar de n'Hug - el Clot del Moro,2026-04-10,0.0
MV,Guixers - Valls,2026-04-10,0.0
MW,Navès,2026-04-10,0.0
U2,Sant Pere Pescador,2026-04-10,0.0
U3,Sant Martí Sarroca,2026-04-10,0.0
U4,Castellnou de Bages,2026-04-10,0.0
U6,Vinyols i els Arcs - Cambrils,2026-04-10,0.0
U7,Aldover,2026-04-10,0.0
U9,l'Aldea,2026-04-10,0.0
UA,l'Ametlla de Mar,2026-04-10,0.0
UB,la Tallada d'Empordà,2026-04-10,0.0
UE,Torroella de Montgrí,2026-04-10,0.0
UF,PN del Garraf - el Rascler,2026-04-10,0.0
UH,el Montmell,2026-04-10,0.0
UI,Gisclareny,2026-04-10,0.0
UJ,Santa Coloma de Queralt,2026-04-10,0.0
UK,Sant Pere de Ribes - PN del Garraf,2026-04-10,0.0
UM,la Granadella,2026-04-10,0.0
UN,Cassà de la Selva,2026-04-10,0.0
UO,Fornells de la Selva,2026-04-10,0.0
UP,Cabrils,2026-04-10,0.0
UQ,Dosrius - PN Montnegre Corredor,2026-04-10,0.0
US,les Cases d'Alcanar,2026-04-10,0.0
UU,Amposta,2026-04-10,0.0
UW,els Alfacs,2026-04-10,0.0
UX,Ulldecona - els Valentins,2026-04-10,0.0
UY,Os de Balaguer - el Monestir d'Avellanes,2026-04-10,0.0
V1,Vallfogona de Balaguer,2026-04-10,0.0
V4,Montesquiu,2026-04-10,0.0
V5,Perafita,2026-04-10,0.0
V8,el Poal,2026-04-10,0.0
VA,Ascó,2026-04-10,0.0
VB,Benissanet,2026-04-10,0.0
VC,Pantà de Riba-roja,2026-04-10,0.0
VD,el Canós,2026-04-10,0.0
VH,Gimenells,2026-04-10,0.0
VK,Raimat,2026-04-10,0.0
VM,Vilanova de Segrià,2026-04-10,0.0
VO,Lladurs,2026-04-10,0.0
VP,Pinós,2026-04-10,0.0
VQ,Constantí,2026-04-10,0.0
VS,Lac Redon (2.245 m),2026-04-10,0.0
VU,Rellinars,2026-04-10,0.0
VV,Sant Llorenç Savall,2026-04-10,0.0
VX,Tagamanent - PN del Montseny,2026-04-10,0.0
VY,Nulles,2026-04-10,0.0
VZ,Espolla,2026-04-10,0.0
W1,Castelló d'Empúries,2026-04-10,0.0
W4,Vilafranca del Penedès - la Granada,2026-04-10,0.0
W5,Oliana,2026-04-10,0.0
W8,Blancafort,2026-04-10,0.0
W9,la Vall d'en Bas,2026-04-10,0.0
WA,Oliola,2026-04-10,0.0
WB,Albesa,2026-04-10,0.0
WC,Golmés,2026-04-10,0.0
WG,Algerri,2026-04-10,0.0
WI,Maials,2026-04-10,0.0
WJ,el Masroig,2026-04-10,0.0
WK,Alfarràs,2026-04-10,0.0
WL,Sant Martí de Riucorb,2026-04-10,0.0
WM,Santuari de Queralt,2026-04-10,0.0
WN,Montserrat - Sant Dimes,2026-04-10,0.0
WO,la Bisbal del Penedès,2026-04-10,0.0
WP,Canaletes,2026-04-10,0.0
WQ,Montsec d'Ares (1.571 m),2026-04-10,0.0
WR,Torroja del Priorat,2026-04-10,0.0
WS,Viladrau,2026-04-10,0.0
WT,Malgrat de Mar,2026-04-10,0.0
WU,Badalona - Museu,2026-04-10,0.0
WV,Guardiola de Berguedà,2026-04-10,0.0
WW,Artés,2026-04-10,0.0
WX,Camarasa,2026-04-10,0.0
WZ,Cunit,2026-04-10,0.0
X1,Falset,2026-04-10,0.0
X3,Alguaire,2026-04-10,0.0
X4,Barcelona - el Raval,2026-04-10,0.0
X5,PN dels Ports,2026-04-10,0.0
X6,Baldomar,2026-04-10,0.0
X7,Torres de Segre,2026-04-10,0.0
X8,Barcelona - Zona Universitària,2026-04-10,0.0
X9,Caldes de Montbui,2026-04-10,0.0
XA,la Panadella,2026-04-10,0.0
XB,la Llacuna,2026-04-10,0.0
XC,Castellbisbal,2026-04-10,0.0
XD,Ulldemolins,2026-04-10,0.0
XE,Tarragona - Complex Educatiu,2026-04-10,0.0
XF,Sabadell - Parc Agrari,2026-04-10,0.0
XG,Parets del Vallès,2026-04-10,0.0
XH,Sort,2026-04-10,0.0
XI,Mollerussa,2026-04-10,0.0
XJ,Girona,2026-04-10,0.1
XK,Puig Sesolles (1.666 m),2026-04-10,0.0
XL,el Prat de Llobregat,2026-04-10,0.0
XM,els Alamús,2026-04-10,0.0
XN,Seròs,2026-04-10,0.0
XO,Vic,2026-04-10,0.0
XP,Gandesa,2026-04-10,0.0
XQ,Tremp,2026-04-10,0.0
XR,Prades,2026-04-10,0.0
XS,Santa Coloma de Farners,2026-04-10,0.0
XT,Solsona,2026-04-10,0.0
XU,Canyelles,2026-04-10,0.0
XV,Sant Cugat del Vallès - CAR,2026-04-10,0.0
XX,Anglesola - Tornabous,2026-04-10,0.0
XY,Alcarràs,2026-04-10,0.0
XZ,Torroella de Fluvià,2026-04-10,0.0
Y4,Alinyà,2026-04-10,0.0
Y5,Navata,2026-04-10,0.0
Y6,Tivissa,2026-04-10,0.0
YA,Puigcerdà,2026-04-10,0.0
YB,Olot,2026-04-10,0.0
YC,la Pobla de Segur,2026-04-10,0.0
YD,les Borges Blanques,2026-04-10,0.0
YE,Massoteres,2026-04-10,0.0
YF,Miami Platja,2026-04-10,0.0
YG,Tírvia,2026-04-10,0.0
YH,Pujalt,2026-04-10,0.0
YJ,Lleida - la Femosa,2026-04-10,0.0
YK,Terrassa,2026-04-10,0.0
YL,Riudecanyes,2026-04-10,0.0
YM,Granollers,2026-04-10,0.0
YN,Vielha - Elipòrt,2026-04-10,0.0
YO,Sant Sadurní d'Anoia,2026-04-10,0.0
YP,Palafrugell,2026-04-10,0.0
YQ,Port de Barcelona - ZAL Prat,2026-04-10,0.0
YR,Vilanova i la Geltrú,2026-04-10,0.0
YS,Cabanes,2026-04-10,0.0
YT,Bonabé (1.691 m),2026-04-10,0.0
YU,Cantonigròs,2026-04-10,0.0
YV,Mataró,2026-04-10,0.0
YX,Batea,2026-04-10,0.0
YY,Viladecans - les Filipines,2026-04-10,0.0
Z1,Bonaigua (2.262 m),2026-04-10,0.0
Z2,Boí (2.537 m),2026-04-10,0.0
Z3,Malniu (2.229 m),2026-04-10,0.0
Z5,Certascan (2.398 m),2026-04-10,0.0
Z6,Sasseuva (2.226 m),2026-04-10,0.0
Z7,Espot (2.519 m),2026-04-10,0.0
Z9,Cadí Nord (2.145 m) - Prat d'Aguiló,2026-04-10,0.0
ZB,Salòria (2.451 m),2026-04-10,0.0
ZC,Ulldeter (2.413 m),2026-04-10,0.0
ZE,el Port del Comte (2.288 m),2026-04-10,0.0
C6,Castellnou de Seana,2026-04-11,0.0
C7,Tàrrega,2026-04-11,0.0
C8,Cervera,2026-04-11,0.0
C9,Mas de Barberans,2026-04-11,0.0
CC,Orís,2026-04-11,0.0
CD,la Seu d'Urgell - Bellestar,2026-04-11,0.0
CE,els Hostalets de Pierola,2026-04-11,0.0
CG,Molló - Fabert,2026-04-11,0.0
CI,Sant Pau de Segúries,2026-04-11,0.0
CJ,Organyà,2026-04-11,0.0
CL,Sant Salvador de Guardiola,2026-04-11,0.0
CP,Sant Romà d'Abella,2026-04-11,0.0
CQ,Vilanova de Meià,2026-04-11,0.0
CR,la Quar,2026-04-11,0.0
CT,el Pont de Suert,2026-04-11,0.6
CW,l'Espluga de Francolí,2026-04-11,0.0
CY,Muntanyola,2026-04-11,0.0
D1,Margalef,2026-04-11,0.0
D2,Vacarisses,2026-04-11,0.0
D3,Vallirana,2026-04-11,0.0
D4,Roses,2026-04-11,0.0
D5,Barcelona - Observatori Fabra,2026-04-11,0.0
D6,Portbou - coll dels Belitres,2026-04-11,0.0
D7,Vinebre,2026-04-11,0.0
D8,Horta de Sant Joan,2026-04-11,0.0
D9,el Vendrell,2026-04-11,0.0
DB,el Perelló,2026-04-11,0.0
DF,la Bisbal d'Empordà,2026-04-11,0.0
DG,Núria (1.971 m),2026-04-11,0.0
DI,Font-rubí,2026-04-11,0.0
DJ,Banyoles,2026-04-11,0.0
DK,Torredembarra,2026-04-11,0.0
DL,Illa de Buda,2026-04-11,0.0
DN,Anglès,2026-04-11,0.0
DO,Castell d'Aro,2026-04-11,0.0
DP,Das - Aeròdrom,2026-04-11,0.0
DQ,Vila-rodona,2026-04-11,0.0
H1,Òdena,2026-04-11,0.0
J5,Pantà de Darnius - Boadella,2026-04-11,0.0
KE,Pantà de Sau,2026-04-11,0.0
KP,Fogars de la Selva,2026-04-11,0.0
KX,la Roca del Vallès - ETAP Cardedeu,2026-04-11,0.0
M6,Sant Joan de les Abadesses,2026-04-11,0.0
MQ,Cardona,2026-04-11,0.0
MR,Pantà de Siurana,2026-04-11,0.0
MS,Castellar de n'Hug - el Clot del Moro,2026-04-11,0.0
MV,Guixers - Valls,2026-04-11,0.0
MW,Navès,2026-04-11,0.0
U2,Sant Pere Pescador,2026-04-11,0.0
U3,Sant Martí Sarroca,2026-04-11,0.0
U4,Castellnou de Bages,2026-04-11,0.0
U6,Vinyols i els Arcs - Cambrils,2026-04-11,0.0
U7,Aldover,2026-04-11,0.0
U9,l'Aldea,2026-04-11,0.0
UA,l'Ametlla de Mar,2026-04-11,0.0
UB,la Tallada d'Empordà,2026-04-11,0.0
UE,Torroella de Montgrí,2026-04-11,0.0
UF,PN del Garraf - el Rascler,2026-04-11,0.0
UH,el Montmell,2026-04-11,0.0
UI,Gisclareny,2026-04-11,0.0
UJ,Santa Coloma de Queralt,2026-04-11,0.0
UK,Sant Pere de Ribes - PN del Garraf,2026-04-11,0.0
UM,la Granadella,2026-04-11,0.0
UN,Cassà de la Selva,2026-04-11,0.0
UO,Fornells de la Selva,2026-04-11,0.0
UP,Cabrils,2026-04-11,0.0
UQ,Dosrius - PN Montnegre Corredor,2026-04-11,0.0
US,les Cases d'Alcanar,2026-04-11,0.0
UU,Amposta,2026-04-11,0.0
UW,els Alfacs,2026-04-11,0.0
UX,Ulldecona - els Valentins,2026-04-11,0.0
UY,Os de Balaguer - el Monestir d'Avellanes,2026-04-11,0.0
V1,Vallfogona de Balaguer,2026-04-11,0.0
V4,Montesquiu,2026-04-11,0.0
V5,Perafita,2026-04-11,0.0
V8,el Poal,2026-04-11,0.0
VA,Ascó,2026-04-11,0.0
VB,Benissanet,2026-04-11,0.0
VC,Pantà de Riba-roja,2026-04-11,0.0
VD,el Canós,2026-04-11,0.0
VH,Gimenells,2026-04-11,0.0
VK,Raimat,2026-04-11,0.0
VM,Vilanova de Segrià,2026-04-11,0.0
VO,Lladurs,2026-04-11,0.0
VP,Pinós,2026-04-11,0.0
VQ,Constantí,2026-04-11,0.0
VS,Lac Redon (2.245 m),2026-04-11,1.5
VU,Rellinars,2026-04-11,0.0
VV,Sant Llorenç Savall,2026-04-11,0.0
VX,Tagamanent - PN del Montseny,2026-04-11,0.0
VY,Nulles,2026-04-11,0.0
VZ,Espolla,2026-04-11,0.0
W1,Castelló d'Empúries,2026-04-11,0.0
W4,Vilafranca del Penedès - la Granada,2026-04-11,0.0
W5,Oliana,2026-04-11,0.0
W8,Blancafort,2026-04-11,0.0
W9,la Vall d'en Bas,2026-04-11,0.0
WA,Oliola,2026-04-11,0.0
WB,Albesa,2026-04-11,0.0
WC,Golmés,2026-04-11,0.0
WG,Algerri,2026-04-11,0.0
WI,Maials,2026-04-11,0.0
WJ,el Masroig,2026-04-11,0.0
WK,Alfarràs,2026-04-11,0.0
WL,Sant Martí de Riucorb,2026-04-11,0.0
WM,Santuari de Queralt,2026-04-11,0.0
WN,Montserrat - Sant Dimes,2026-04-11,0.0
WO,la Bisbal del Penedès,2026-04-11,0.0
WP,Canaletes,2026-04-11,0.0
WQ,Montsec d'Ares (1.571 m),2026-04-11,0.0
WR,Torroja del Priorat,2026-04-11,0.0
WS,Viladrau,2026-04-11,0.0
WT,Malgrat de Mar,2026-04-11,0.0
WU,Badalona - Museu,2026-04-11,0.0
WV,Guardiola de Berguedà,2026-04-11,0.0
WW,Artés,2026-04-11,0.0
WX,Camarasa,2026-04-11,0.0
WZ,Cunit,2026-04-11,0.0
X1,Falset,2026-04-11,0.0
X3,Alguaire,2026-04-11,0.0
X4,Barcelona - el Raval,2026-04-11,0.0
X5,PN dels Ports,2026-04-11,0.0
X6,Baldomar,2026-04-11,0.0
X7,Torres de Segre,2026-04-11,0.0
X8,Barcelona - Zona Universitària,2026-04-11,0.0
X9,Caldes de Montbui,2026-04-11,0.0
XA,la Panadella,2026-04-11,0.0
XB,la Llacuna,2026-04-11,0.0
XC,Castellbisbal,2026-04-11,0.0
XD,Ulldemolins,2026-04-11,0.0
XE,Tarragona - Complex Educatiu,2026-04-11,0.0
XF,Sabadell - Parc Agrari,2026-04-11,0.0
XG,Parets del Vallès,2026-04-11,0.0
XH,Sort,2026-04-11,0.0
XI,Mollerussa,2026-04-11,0.0
XJ,Girona,2026-04-11,0.0
XK,Puig Sesolles (1.666 m),2026-04-11,0.0
XL,el Prat de Llobregat,2026-04-11,0.0
XM,els Alamús,2026-04-11,0.0
XN,Seròs,2026-04-11,0.0
XO,Vic,2026-04-11,0.0
XP,Gandesa,2026-04-11,0.0
XQ,Tremp,2026-04-11,0.0
XR,Prades,2026-04-11,0.0
XS,Santa Coloma de Farners,2026-04-11,0.0
XT,Solsona,2026-04-11,0.0
XU,Canyelles,2026-04-11,0.0
XV,Sant Cugat del Vallès - CAR,2026-04-11,0.0
XX,Anglesola - Tornabous,2026-04-11,0.0
XY,Alcarràs,2026-04-11,0.0
XZ,Torroella de Fluvià,2026-04-11,0.0
Y4,Alinyà,2026-04-11,0.0
Y5,Navata,2026-04-11,0.0
Y6,Tivissa,2026-04-11,0.0
YA,Puigcerdà,2026-04-11,0.0
YB,Olot,2026-04-11,0.0
YC,la Pobla de Segur,2026-04-11,0.0
YD,les Borges Blanques,2026-04-11,0.0
YE,Massoteres,2026-04-11,0.0
YF,Miami Platja,2026-04-11,0.0
YG,Tírvia,2026-04-11,0.0
YH,Pujalt,2026-04-11,0.0
YJ,Lleida - la Femosa,2026-04-11,0.0
YK,Terrassa,2026-04-11,0.0
YL,Riudecanyes,2026-04-11,0.0
YM,Granollers,2026-04-11,0.0
YN,Vielha - Elipòrt,2026-04-11,7.3
YO,Sant Sadurní d'Anoia,2026-04-11,0.0
YP,Palafrugell,2026-04-11,0.0
YQ,Port de Barcelona - ZAL Prat,2026-04-11,0.0
YR,Vilanova i la Geltrú,2026-04-11,0.0
YS,Cabanes,2026-04-11,0.0
YT,Bonabé (1.691 m),2026-04-11,0.3
YU,Cantonigròs,2026-04-11,0.0
YV,Mataró,2026-04-11,0.0
YX,Batea,2026-04-11,0.0
YY,Viladecans - les Filipines,2026-04-11,0.0
Z1,Bonaigua (2.262 m),2026-04-11,4.1
Z2,Boí (2.537 m),2026-04-11,0.6
Z3,Malniu (2.229 m),2026-04-11,0.0
Z5,Certascan (2.398 m),2026-04-11,0.6
Z6,Sasseuva (2.226 m),2026-04-11,4.8
Z7,Espot (2.519 m),2026-04-11,1.3
Z9,Cadí Nord (2.145 m) - Prat d'Aguiló,2026-04-11,0.0
ZB,Salòria (2.451 m),2026-04-11,1.2
ZC,Ulldeter (2.413 m),2026-04-11,0.3
ZE,el Port del Comte (2.288 m),2026-04-11,0.0
C6,Castellnou de Seana,2026-04-12,9.0
C7,Tàrrega,2026-04-12,15.4
C8,Cervera,2026-04-12,17.5
C9,Mas de Barberans,2026-04-12,3.9
CC,Orís,2026-04-12,10.3
CD,la Seu d'Urgell - Bellestar,2026-04-12,7.2
CE,els Hostalets de Pierola,2026-04-12,5.0
CG,Molló - Fabert,2026-04-12,12.2
CI,Sant Pau de Segúries,2026-04-12,10.1
CJ,Organyà,2026-04-12,9.3
CL,Sant Salvador de Guardiola,2026-04-12,9.0
CP,Sant Romà d'Abella,2026-04-12,19.8
CQ,Vilanova de Meià,2026-04-12,12.1
CR,la Quar,2026-04-12,10.0
CT,el Pont de Suert,2026-04-12,10.2
CW,l'Espluga de Francolí,2026-04-12,10.3
CY,Muntanyola,2026-04-12,11.3
D1,Margalef,2026-04-12,13.6
D2,Vacarisses,2026-04-12,6.3
D3,Vallirana,2026-04-12,8.5
D4,Roses,2026-04-12,1.3
D5,Barcelona - Observatori Fabra,2026-04-12,13.3
D6,Portbou - coll dels Belitres,2026-04-12,0.7
D7,Vinebre,2026-04-12,8.6
D8,Horta de Sant Joan,2026-04-12,11.6
D9,el Vendrell,2026-04-12,4.7
DB,el Perelló,2026-04-12,4.4
DF,la Bisbal d'Empordà,2026-04-12,7.6
DG,Núria (1.971 m),2026-04-12,15.1
DI,Font-rubí,2026-04-12,5.9
DJ,Banyoles,2026-04-12,6.4
DK,Torredembarra,2026-04-12,6.9
DL,Illa de Buda,2026-04-12,2.7
DN,Anglès,2026-04-12,5.7
DO,Castell d'Aro,2026-04-12,1.9
DP,Das - Aeròdrom,2026-04-12,15.2
DQ,Vila-rodona,2026-04-12,8.7
H1,Òdena,2026-04-12,9.7
J5,Pantà de Darnius - Boadella,2026-04-12,4.0
KE,Pantà de Sau,2026-04-12,6.3
KP,Fogars de la Selva,2026-04-12,6.3
KX,la Roca del Vallès - ETAP Cardedeu,2026-04-12,6.6
M6,Sant Joan de les Abadesses,2026-04-12,12.6
MQ,Cardona,2026-04-12,9.8
MR,Pantà de Siurana,2026-04-12,10.9
MS,Castellar de n'Hug - el Clot del Moro,2026-04-12,12.5
MV,Guixers - Valls,2026-04-12,14.8
MW,Navès,2026-04-12,12.9
U2,Sant Pere Pescador,2026-04-12,4.2
U3,Sant Martí Sarroca,2026-04-12,6.0
U4,Castellnou de Bages,2026-04-12,8.6
U6,Vinyols i els Arcs - Cambrils,2026-04-12,4.0
U7,Aldover,2026-04-12,3.5
U9,l'Aldea,2026-04-12,4.6
UA,l'Ametlla de Mar,2026-04-12,4.1
UB,la Tallada d'Empordà,2026-04-12,4.3
UE,Torroella de Montgrí,2026-04-12,4.6
UF,PN del Garraf - el Rascler,2026-04-12,12.3
UH,el Montmell,2026-04-12,8.4
UI,Gisclareny,2026-04-12,16.2
UJ,Santa Coloma de Queralt,2026-04-12,7.5
UK,Sant Pere de Ribes - PN del Garraf,2026-04-12,9.3
UM,la Granadella,2026-04-12,14.6
UN,Cassà de la Selva,2026-04-12,6.4
UO,Fornells de la Selva,2026-04-12,5.5
UP,Cabrils,2026-04-12,5.0
UQ,Dosrius - PN Montnegre Corredor,2026-04-12,5.2
US,les Cases d'Alcanar,2026-04-12,3.4
UU,Amposta,2026-04-12,5.1
UW,els Alfacs,2026-04-12,5.8
UX,Ulldecona - els Valentins,2026-04-12,4.5
UY,Os de Balaguer - el Monestir d'Avellanes,2026-04-12,10.6
V1,Vallfogona de Balaguer,2026-04-12,7.0
V4,Montesquiu,2026-04-12,9.5
V5,Perafita,2026-04-12,9.1
V8,el Poal,2026-04-12,9.0
VA,Ascó,2026-04-12,7.1
VB,Benissanet,2026-04-12,8.0
VC,Pantà de Riba-roja,2026-04-12,4.3
VD,el Canós,2026-04-12,15.6
VH,Gimenells,2026-04-12,13.5
VK,Raimat,2026-04-12,13.1
VM,Vilanova de Segrià,2026-04-12,11.4
VO,Lladurs,2026-04-12,10.4
VP,Pinós,2026-04-12,10.5
VQ,Constantí,2026-04-12,6.3
VS,Lac Redon (2.245 m),2026-04-12,6.2
VU,Rellinars,2026-04-12,8.9
VV,Sant Llorenç Savall,2026-04-12,9.3
VX,Tagamanent - PN del Montseny,2026-04-12,6.2
VY,Nulles,2026-04-12,9.4
VZ,Espolla,2026-04-12,3.8
W1,Castelló d'Empúries,2026-04-12,5.6
W4,Vilafranca del Penedès - la Granada,2026-04-12,6.0
W5,Oliana,2026-04-12,9.9
W8,Blancafort,2026-04-12,15.5
W9,la Vall d'en Bas,2026-04-12,6.7
WA,Oliola,2026-04-12,10.0
WB,Albesa,2026-04-12,11.0
WC,Golmés,2026-04-12,9.7
WG,Algerri,2026-04-12,12.8
WI,Maials,2026-04-12,7.7
WJ,el Masroig,2026-04-12,11.0
WK,Alfarràs,2026-04-12,11.9
WL,Sant Martí de Riucorb,2026-04-12,13.7
WM,Santuari de Queralt,2026-04-12,12.5
WN,Montserrat - Sant Dimes,2026-04-12,6.8
WO,la Bisbal del Penedès,2026-04-12,6.7
WP,Canaletes,2026-04-12,6.8
WQ,Montsec d'Ares (1.571 m),2026-04-12,16.7
WR,Torroja del Priorat,2026-04-12,10.5
WS,Viladrau,2026-04-12,8.3
WT,Malgrat de Mar,2026-04-12,9.0
WU,Badalona - Museu,2026-04-12,4.3
WV,Guardiola de Berguedà,2026-04-12,12.7
WW,Artés,2026-04-12,9.7
WX,Camarasa,2026-04-12,10.6
WZ,Cunit,2026-04-12,5.4
X1,Falset,2026-04-12,12.6
X3,Alguaire,2026-04-12,13.5
X4,Barcelona - el Raval,2026-04-12,11.7
X5,PN dels Ports,2026-04-12,13.4
X6,Baldomar,2026-04-12,10.6
X7,Torres de Segre,2026-04-12,10.2
X8,Barcelona - Zona Universitària,2026-04-12,17.5
X9,Caldes de Montbui,2026-04-12,5.1
XA,la Panadella,2026-04-12,13.1
XB,la Llacuna,2026-04-12,9.1
XC,Castellbisbal,2026-04-12,10.2
XD,Ulldemolins,2026-04-12,10.9
XE,Tarragona - Complex Educatiu,2026-04-12,5.8
XF,Sabadell - Parc Agrari,2026-04-12,7.8
XG,Parets del Vallès,2026-04-12,11.8
XH,Sort,2026-04-12,10.6
XI,Mollerussa,2026-04-12,9.9
XJ,Girona,2026-04-12,3.6
XK,Puig Sesolles (1.666 m),2026-04-12,12.6
XL,el Prat de Llobregat,2026-04-12,17.8
XM,els Alamús,2026-04-12,11.7
XN,Seròs,2026-04-12,8.0
XO,Vic,2026-04-12,8.1
XP,Gandesa,2026-04-12,8.3
XQ,Tremp,2026-04-12,15.5
XR,Prades,2026-04-12,13.9
XS,Santa Coloma de Farners,2026-04-12,3.7
XT,Solsona,2026-04-12,11.1
XU,Canyelles,2026-04-12,6.2
XV,Sant Cugat del Vallès - CAR,2026-04-12,14.0
XX,Anglesola - Tornabous,2026-04-12,9.1
XY,Alcarràs,2026-04-12,10.1
XZ,Torroella de Fluvià,2026-04-12,2.7
Y4,Alinyà,2026-04-12,11.5
Y5,Navata,2026-04-12,6.4
Y6,Tivissa,2026-04-12,11.8
YA,Puigcerdà,2026-04-12,16.9
YB,Olot,2026-04-12,7.9
YC,la Pobla de Segur,2026-04-12,13.2
YD,les Borges Blanques,2026-04-12,9.3
YE,Massoteres,2026-04-12,10.3
YF,Miami Platja,2026-04-12,3.0
YG,Tírvia,2026-04-12,12.3
YH,Pujalt,2026-04-12,12.6
YJ,Lleida - la Femosa,2026-04-12,9.1
YK,Terrassa,2026-04-12,8.9
YL,Riudecanyes,2026-04-12,5.4
YM,Granollers,2026-04-12,8.9
YN,Vielha - Elipòrt,2026-04-12,10.5
YO,Sant Sadurní d'Anoia,2026-04-12,6.7
YP,Palafrugell,2026-04-12,8.2
YQ,Port de Barcelona - ZAL Prat,2026-04-12,11.3
YR,Vilanova i la Geltrú,2026-04-12,6.7
YS,Cabanes,2026-04-12,2.6
YT,Bonabé (1.691 m),2026-04-12,9.6
YU,Cantonigròs,2026-04-12,8.0
YV,Mataró,2026-04-12,6.2
YX,Batea,2026-04-12,6.2
YY,Viladecans - les Filipines,2026-04-12,17.7
Z1,Bonaigua (2.262 m),2026-04-12,11.2
Z2,Boí (2.537 m),2026-04-12,16.8
Z3,Malniu (2.229 m),2026-04-12,15.9
Z5,Certascan (2.398 m),2026-04-12,18.1
Z6,Sasseuva (2.226 m),2026-04-12,6.3
Z7,Espot (2.519 m),2026-04-12,20.8
Z9,Cadí Nord (2.145 m) - Prat d'Aguiló,2026-04-12,16.2
ZB,Salòria (2.451 m),2026-04-12,15.7
ZC,Ulldeter (2.413 m),2026-04-12,14.9
ZE,el Port del Comte (2.288 m),2026-04-12,11.3
C6,Castellnou de Seana,2026-04-13,1.5
C7,Tàrrega,2026-04-13,0.7
C8,Cervera,2026-04-13,0.7
C9,Mas de Barberans,2026-04-13,0.0
CC,Orís,2026-04-13,0.5
CD,la Seu d'Urgell - Bellestar,2026-04-13,0.0
CE,els Hostalets de Pierola,2026-04-13,1.1
CG,Molló - Fabert,2026-04-13,0.2
CI,Sant Pau de Segúries,2026-04-13,0.5
CJ,Organyà,2026-04-13,0.0
CL,Sant Salvador de Guardiola,2026-04-13,1.9
CP,Sant Romà d'Abella,2026-04-13,0.2
CQ,Vilanova de Meià,2026-04-13,0.4
CR,la Quar,2026-04-13,2.5
CT,el Pont de Suert,2026-04-13,0.0
CW,l'Espluga de Francolí,2026-04-13,0.9
CY,Muntanyola,2026-04-13,2.0
D1,Margalef,2026-04-13,5.7
D2,Vacarisses,2026-04-13,2.2
D3,Vallirana,2026-04-13,2.5
D4,Roses,2026-04-13,3.7
D5,Barcelona - Observatori Fabra,2026-04-13,2.6
D6,Portbou - coll dels Belitres,2026-04-13,5.2
D7,Vinebre,2026-04-13,0.0
D8,Horta de Sant Joan,2026-04-13,0.0
D9,el Vendrell,2026-04-13,1.5
DB,el Perelló,2026-04-13,0.1
DF,la Bisbal d'Empordà,2026-04-13,4.9
DG,Núria (1.971 m),2026-04-13,0.0
DI,Font-rubí,2026-04-13,2.7
DJ,Banyoles,2026-04-13,0.5
DK,Torredembarra,2026-04-13,1.8
DL,Illa de Buda,2026-04-13,0.0
DN,Anglès,2026-04-13,0.1
DO,Castell d'Aro,2026-04-13,2.0
DP,Das - Aeròdrom,2026-04-13,0.3
DQ,Vila-rodona,2026-04-13,2.5
H1,Òdena,2026-04-13,2.3
J5,Pantà de Darnius - Boadella,2026-04-13,0.2
KE,Pantà de Sau,2026-04-13,0.7
KP,Fogars de la Selva,2026-04-13,0.0
KX,la Roca del Vallès - ETAP Cardedeu,2026-04-13,1.1
M6,Sant Joan de les Abadesses,2026-04-13,1.3
MQ,Cardona,2026-04-13,1.1
MR,Pantà de Siurana,2026-04-13,3.5
MS,Castellar de n'Hug - el Clot del Moro,2026-04-13,1.5
MV,Guixers - Valls,2026-04-13,0.7
MW,Navès,2026-04-13,0.2
U2,Sant Pere Pescador,2026-04-13,2.0
U3,Sant Martí Sarroca,2026-04-13,3.3
U4,Castellnou de Bages,2026-04-13,3.0
U6,Vinyols i els Arcs - Cambrils,2026-04-13,0.2
U7,Aldover,2026-04-13,0.0
U9,l'Aldea,2026-04-13,0.0
UA,l'Ametlla de Mar,2026-04-13,1.1
UB,la Tallada d'Empordà,2026-04-13,4.2
UE,Torroella de Montgrí,2026-04-13,6.5
UF,PN del Garraf - el Rascler,2026-04-13,5.3
UH,el Montmell,2026-04-13,3.0
UI,Gisclareny,2026-04-13,1.8
UJ,Santa Coloma de Queralt,2026-04-13,2.0
UK,Sant Pere de Ribes - PN del Garraf,2026-04-13,2.6
UM,la Granadella,2026-04-13,5.4
UN,Cassà de la Selva,2026-04-13,3.3
UO,Fornells de la Selva,2026-04-13,1.7
UP,Cabrils,2026-04-13,0.8
UQ,Dosrius - PN Montnegre Corredor,2026-04-13,0.8
US,les Cases d'Alcanar,2026-04-13,0.0
UU,Amposta,2026-04-13,0.0
UW,els Alfacs,2026-04-13,0.0
UX,Ulldecona - els Valentins,2026-04-13,0.0
UY,Os de Balaguer - el Monestir d'Avellanes,2026-04-13,1.8
V1,Vallfogona de Balaguer,2026-04-13,1.1
V4,Montesquiu,2026-04-13,0.6
V5,Perafita,2026-04-13,1.8
V8,el Poal,2026-04-13,1.3
VA,Ascó,2026-04-13,0.0
VB,Benissanet,2026-04-13,0.0
VC,Pantà de Riba-roja,2026-04-13,0.0
VD,el Canós,2026-04-13,0.5
VH,Gimenells,2026-04-13,1.0
VK,Raimat,2026-04-13,0.8
VM,Vilanova de Segrià,2026-04-13,1.6
VO,Lladurs,2026-04-13,0.1
VP,Pinós,2026-04-13,1.6
VQ,Constantí,2026-04-13,1.2
VS,Lac Redon (2.245 m),2026-04-13,8.8
VU,Rellinars,2026-04-13,3.1
VV,Sant Llorenç Savall,2026-04-13,2.4
VX,Tagamanent - PN del Montseny,2026-04-13,2.3
VY,Nulles,2026-04-13,2.1
VZ,Espolla,2026-04-13,2.8
W1,Castelló d'Empúries,2026-04-13,2.0
W4,Vilafranca del Penedès - la Granada,2026-04-13,2.3
W5,Oliana,2026-04-13,0.0
W8,Blancafort,2026-04-13,4.4
W9,la Vall d'en Bas,2026-04-13,0.2
WA,Oliola,2026-04-13,0.1
WB,Albesa,2026-04-13,2.6
WC,Golmés,2026-04-13,1.2
WG,Algerri,2026-04-13,1.9
WI,Maials,2026-04-13,0.2
WJ,el Masroig,2026-04-13,1.4
WK,Alfarràs,2026-04-13,1.7
WL,Sant Martí de Riucorb,2026-04-13,2.3
WM,Santuari de Queralt,2026-04-13,2.2
WN,Montserrat - Sant Dimes,2026-04-13,1.9
WO,la Bisbal del Penedès,2026-04-13,2.0
WP,Canaletes,2026-04-13,3.0
WQ,Montsec d'Ares (1.571 m),2026-04-13,0.0
WR,Torroja del Priorat,2026-04-13,3.8
WS,Viladrau,2026-04-13,2.8
WT,Malgrat de Mar,2026-04-13,0.2
WU,Badalona - Museu,2026-04-13,0.7
WV,Guardiola de Berguedà,2026-04-13,1.6
WW,Artés,2026-04-13,2.1
WX,Camarasa,2026-04-13,1.0
WZ,Cunit,2026-04-13,2.7
X1,Falset,2026-04-13,4.8
X3,Alguaire,2026-04-13,1.4
X4,Barcelona - el Raval,2026-04-13,3.0
X5,PN dels Ports,2026-04-13,0.0
X6,Baldomar,2026-04-13,0.9
X7,Torres de Segre,2026-04-13,0.9
X8,Barcelona - Zona Universitària,2026-04-13,2.6
X9,Caldes de Montbui,2026-04-13,1.6
XA,la Panadella,2026-04-13,4.3
XB,la Llacuna,2026-04-13,3.6
XC,Castellbisbal,2026-04-13,2.5
XD,Ulldemolins,2026-04-13,3.0
XE,Tarragona - Complex Educatiu,2026-04-13,0.5
XF,Sabadell - Parc Agrari,2026-04-13,2.6
XG,Parets del Vallès,2026-04-13,1.2
XH,Sort,2026-04-13,0.0
XI,Mollerussa,2026-04-13,1.9
XJ,Girona,2026-04-13,1.2
XK,Puig Sesolles (1.666 m),2026-04-13,1.4
XL,el Prat de Llobregat,2026-04-13,3.8
XM,els Alamús,2026-04-13,2.9
XN,Seròs,2026-04-13,0.0
XO,Vic,2026-04-13,1.2
XP,Gandesa,2026-04-13,0.0
XQ,Tremp,2026-04-13,0.0
XR,Prades,2026-04-13,3.3
XS,Santa Coloma de Farners,2026-04-13,0.1
XT,Solsona,2026-04-13,0.3
XU,Canyelles,2026-04-13,2.0
XV,Sant Cugat del Vallès - CAR,2026-04-13,2.3
XX,Anglesola - Tornabous,2026-04-13,0.7
XY,Alcarràs,2026-04-13,0.8
XZ,Torroella de Fluvià,2026-04-13,1.2
Y4,Alinyà,2026-04-13,0.1
Y5,Navata,2026-04-13,0.2
Y6,Tivissa,2026-04-13,0.3
YA,Puigcerdà,2026-04-13,1.6
YB,Olot,2026-04-13,0.2
YC,la Pobla de Segur,2026-04-13,0.0
YD,les Borges Blanques,2026-04-13,2.5
YE,Massoteres,2026-04-13,0.5
YF,Miami Platja,2026-04-13,0.5
YG,Tírvia,2026-04-13,0.0
YH,Pujalt,2026-04-13,2.5
YJ,Lleida - la Femosa,2026-04-13,1.6
YK,Terrassa,2026-04-13,2.8
YL,Riudecanyes,2026-04-13,2.3
YM,Granollers,2026-04-13,1.1
YN,Vielha - Elipòrt,2026-04-13,0.9
YO,Sant Sadurní d'Anoia,2026-04-13,2.5
YP,Palafrugell,2026-04-13,10.0
YQ,Port de Barcelona - ZAL Prat,2026-04-13,3.2
YR,Vilanova i la Geltrú,2026-04-13,2.3
YS,Cabanes,2026-04-13,0.1
YT,Bonabé (1.691 m),2026-04-13,4.6
YU,Cantonigròs,2026-04-13,1.7
YV,Mataró,2026-04-13,0.6
YX,Batea,2026-04-13,0.0
YY,Viladecans - les Filipines,2026-04-13,5.1
Z1,Bonaigua (2.262 m),2026-04-13,1.8
Z2,Boí (2.537 m),2026-04-13,0.0
Z3,Malniu (2.229 m),2026-04-13,1.0
Z5,Certascan (2.398 m),2026-04-13,8.0
Z6,Sasseuva (2.226 m),2026-04-13,6.1
Z7,Espot (2.519 m),2026-04-13,0.6
Z9,Cadí Nord (2.145 m) - Prat d'Aguiló,2026-04-13,1.7
ZB,Salòria (2.451 m),2026-04-13,0.0
ZC,Ulldeter (2.413 m),2026-04-13,1.2
ZE,el Port del Comte (2.288 m),2026-04-13,0.0
C6,Castellnou de Seana,2026-04-14,0.0
C7,Tàrrega,2026-04-14,0.0
C8,Cervera,2026-04-14,0.0
C9,Mas de Barberans,2026-04-14,0.0
CC,Orís,2026-04-14,0.0
CD,la Seu d'Urgell - Bellestar,2026-04-14,0.0
CE,els Hostalets de Pierola,2026-04-14,0.0
CG,Molló - Fabert,2026-04-14,0.0
CI,Sant Pau de Segúries,2026-04-14,0.0
CJ,Organyà,2026-04-14,0.0
CL,Sant Salvador de Guardiola,2026-04-14,0.0
CP,Sant Romà d'Abella,2026-04-14,0.0
CQ,Vilanova de Meià,2026-04-14,0.0
CR,la Quar,2026-04-14,0.0
CT,el Pont de Suert,2026-04-14,0.0
CW,l'Espluga de Francolí,2026-04-14,0.0
CY,Muntanyola,2026-04-14,0.0
D1,Margalef,2026-04-14,0.0
D2,Vacarisses,2026-04-14,0.1
D3,Vallirana,2026-04-14,0.0
D4,Roses,2026-04-14,0.0
D5,Barcelona - Observatori Fabra,2026-04-14,0.0
D6,Portbou - coll dels Belitres,2026-04-14,0.0
D7,Vinebre,2026-04-14,0.0
D8,Horta de Sant Joan,2026-04-14,0.0
D9,el Vendrell,2026-04-14,0.0
DB,el Perelló,2026-04-14,0.0
DF,la Bisbal d'Empordà,2026-04-14,0.0
DG,Núria (1.971 m),2026-04-14,0.0
DI,Font-rubí,2026-04-14,0.0
DJ,Banyoles,2026-04-14,0.0
DK,Torredembarra,2026-04-14,0.0
DL,Illa de Buda,2026-04-14,0.0
DN,Anglès,2026-04-14,0.0
DO,Castell d'Aro,2026-04-14,0.0
DP,Das - Aeròdrom,2026-04-14,0.0
DQ,Vila-rodona,2026-04-14,0.0
H1,Òdena,2026-04-14,0.0
J5,Pantà de Darnius - Boadella,2026-04-14,0.0
KE,Pantà de Sau,2026-04-14,0.0
KP,Fogars de la Selva,2026-04-14,0.0
KX,la Roca del Vallès - ETAP Cardedeu,2026-04-14,0.0
M6,Sant Joan de les Abadesses,2026-04-14,0.0
MQ,Cardona,2026-04-14,0.0
MR,Pantà de Siurana,2026-04-14,0.0
MS,Castellar de n'Hug - el Clot del Moro,2026-04-14,0.0
MV,Guixers - Valls,2026-04-14,0.0
MW,Navès,2026-04-14,0.0
U2,Sant Pere Pescador,2026-04-14,0.0
U3,Sant Martí Sarroca,2026-04-14,0.0
U4,Castellnou de Bages,2026-04-14,0.0
U6,Vinyols i els Arcs - Cambrils,2026-04-14,0.0
U7,Aldover,2026-04-14,0.0
U9,l'Aldea,2026-04-14,0.0
UA,l'Ametlla de Mar,2026-04-14,0.0
UB,la Tallada d'Empordà,2026-04-14,0.0
UE,Torroella de Montgrí,2026-04-14,0.0
UF,PN del Garraf - el Rascler,2026-04-14,0.0
UH,el Montmell,2026-04-14,0.0
UI,Gisclareny,2026-04-14,0.0
UJ,Santa Coloma de Queralt,2026-04-14,0.0
UK,Sant Pere de Ribes - PN del Garraf,2026-04-14,0.0
UM,la Granadella,2026-04-14,0.0
UN,Cassà de la Selva,2026-04-14,0.0
UO,Fornells de la Selva,2026-04-14,0.0
UP,Cabrils,2026-04-14,0.0
UQ,Dosrius - PN Montnegre Corredor,2026-04-14,0.1
US,les Cases d'Alcanar,2026-04-14,0.0
UU,Amposta,2026-04-14,0.0
UW,els Alfacs,2026-04-14,0.0
UX,Ulldecona - els Valentins,2026-04-14,0.0
UY,Os de Balaguer - el Monestir d'Avellanes,2026-04-14,0.0
V1,Vallfogona de Balaguer,2026-04-14,0.0
V4,Montesquiu,2026-04-14,0.0
V5,Perafita,2026-04-14,0.0
V8,el Poal,2026-04-14,0.0
VA,Ascó,2026-04-14,0.0
VB,Benissanet,2026-04-14,0.0
VC,Pantà de Riba-roja,2026-04-14,0.0
VD,el Canós,2026-04-14,0.0
VH,Gimenells,2026-04-14,0.0
VK,Raimat,2026-04-14,0.0
VM,Vilanova de Segrià,2026-04-14,0.1
VO,Lladurs,2026-04-14,0.0
VP,Pinós,2026-04-14,0.0
VQ,Constantí,2026-04-14,0.0
VS,Lac Redon (2.245 m),2026-04-14,0.6
VU,Rellinars,2026-04-14,0.0
VV,Sant Llorenç Savall,2026-04-14,0.0
VX,Tagamanent - PN del Montseny,2026-04-14,0.1
VY,Nulles,2026-04-14,0.0
VZ,Espolla,2026-04-14,0.0
W1,Castelló d'Empúries,2026-04-14,0.0
W4,Vilafranca del Penedès - la Granada,2026-04-14,0.0
W5,Oliana,2026-04-14,0.0
W8,Blancafort,2026-04-14,0.0
W9,la Vall d'en Bas,2026-04-14,0.2
WA,Oliola,2026-04-14,0.0
WB,Albesa,2026-04-14,0.0
WC,Golmés,2026-04-14,0.0
WG,Algerri,2026-04-14,0.0
WI,Maials,2026-04-14,0.0
WJ,el Masroig,2026-04-14,0.0
WK,Alfarràs,2026-04-14,0.0
WL,Sant Martí de Riucorb,2026-04-14,0.0
WM,Santuari de Queralt,2026-04-14,0.0
WN,Montserrat - Sant Dimes,2026-04-14,0.0
WO,la Bisbal del Penedès,2026-04-14,0.0
WP,Canaletes,2026-04-14,0.0
WQ,Montsec d'Ares (1.571 m),2026-04-14,0.0
WR,Torroja del Priorat,2026-04-14,0.0
WS,Viladrau,2026-04-14,0.0
WT,Malgrat de Mar,2026-04-14,0.0
WU,Badalona - Museu,2026-04-14,0.0
WV,Guardiola de Berguedà,2026-04-14,0.0
WW,Artés,2026-04-14,0.0
WX,Camarasa,2026-04-14,0.0
WZ,Cunit,2026-04-14,0.0
X1,Falset,2026-04-14,0.0
X3,Alguaire,2026-04-14,0.0
X4,Barcelona - el Raval,2026-04-14,0.0
X5,PN dels Ports,2026-04-14,0.0
X6,Baldomar,2026-04-14,0.0
X7,Torres de Segre,2026-04-14,0.0
X8,Barcelona - Zona Universitària,2026-04-14,0.0
X9,Caldes de Montbui,2026-04-14,0.1
XA,la Panadella,2026-04-14,0.0
XB,la Llacuna,2026-04-14,0.0
XC,Castellbisbal,2026-04-14,0.0
XD,Ulldemolins,2026-04-14,0.0
XE,Tarragona - Complex Educatiu,2026-04-14,0.0
XF,Sabadell - Parc Agrari,2026-04-14,0.0
XG,Parets del Vallès,2026-04-14,0.0
XH,Sort,2026-04-14,0.0
XI,Mollerussa,2026-04-14,0.0
XJ,Girona,2026-04-14,0.0
XK,Puig Sesolles (1.666 m),2026-04-14,0.0
XL,el Prat de Llobregat,2026-04-14,0.0
XM,els Alamús,2026-04-14,0.0
XN,Seròs,2026-04-14,0.0
XO,Vic,2026-04-14,0.0
XP,Gandesa,2026-04-14,0.0
XQ,Tremp,2026-04-14,0.0
XR,Prades,2026-04-14,0.0
XS,Santa Coloma de Farners,2026-04-14,0.0
XT,Solsona,2026-04-14,0.0
XU,Canyelles,2026-04-14,0.0
XV,Sant Cugat del Vallès - CAR,2026-04-14,0.0
XX,Anglesola - Tornabous,2026-04-14,0.0
XY,Alcarràs,2026-04-14,0.0
XZ,Torroella de Fluvià,2026-04-14,0.0
Y4,Alinyà,2026-04-14,0.0
Y5,Navata,2026-04-14,0.0
Y6,Tivissa,2026-04-14,0.0
YA,Puigcerdà,2026-04-14,0.0
YB,Olot,2026-04-14,0.0
YC,la Pobla de Segur,2026-04-14,0.0
YD,les Borges Blanques,2026-04-14,0.0
YE,Massoteres,2026-04-14,0.0
YF,Miami Platja,2026-04-14,0.0
YG,Tírvia,2026-04-14,0.0
YH,Pujalt,2026-04-14,0.0
YJ,Lleida - la Femosa,2026-04-14,0.0
YK,Terrassa,2026-04-14,0.0
YL,Riudecanyes,2026-04-14,0.0
YM,Granollers,2026-04-14,0.1
YN,Vielha - Elipòrt,2026-04-14,0.0
YO,Sant Sadurní d'Anoia,2026-04-14,0.0
YP,Palafrugell,2026-04-14,0.0
YQ,Port de Barcelona - ZAL Prat,2026-04-14,0.0
YR,Vilanova i la Geltrú,2026-04-14,0.0
YS,Cabanes,2026-04-14,0.0
YT,Bonabé (1.691 m),2026-04-14,1.0
YU,Cantonigròs,2026-04-14,0.0
YV,Mataró,2026-04-14,0.0
YX,Batea,2026-04-14,0.0
YY,Viladecans - les Filipines,2026-04-14,0.0
Z1,Bonaigua (2.262 m),2026-04-14,1.3
Z2,Boí (2.537 m),2026-04-14,0.0
Z3,Malniu (2.229 m),2026-04-14,0.3
Z5,Certascan (2.398 m),2026-04-14,2.9
Z6,Sasseuva (2.226 m),2026-04-14,0.6
Z7,Espot (2.519 m),2026-04-14,0.3
Z9,Cadí Nord (2.145 m) - Prat d'Aguiló,2026-04-14,0.0
ZB,Salòria (2.451 m),2026-04-14,0.0
ZC,Ulldeter (2.413 m),2026-04-14,0.0
ZE,el Port del Comte (2.288 m),2026-04-14,0.0
C6,Castellnou de Seana,2026-04-15,0.0
C7,Tàrrega,2026-04-15,0.0
C8,Cervera,2026-04-15,0.0
C9,Mas de Barberans,2026-04-15,0.0
CC,Orís,2026-04-15,0.0
CD,la Seu d'Urgell - Bellestar,2026-04-15,0.0
CE,els Hostalets de Pierola,2026-04-15,0.0
CG,Molló - Fabert,2026-04-15,0.0
CI,Sant Pau de Segúries,2026-04-15,0.0
CJ,Organyà,2026-04-15,0.0
CL,Sant Salvador de Guardiola,2026-04-15,0.0
CP,Sant Romà d'Abella,2026-04-15,0.0
CQ,Vilanova de Meià,2026-04-15,0.0
CR,la Quar,2026-04-15,0.0
CT,el Pont de Suert,2026-04-15,0.0
CW,l'Espluga de Francolí,2026-04-15,0.0
CY,Muntanyola,2026-04-15,0.0
D1,Margalef,2026-04-15,0.0
D2,Vacarisses,2026-04-15,0.0
D3,Vallirana,2026-04-15,0.0
D4,Roses,2026-04-15,0.0
D5,Barcelona - Observatori Fabra,2026-04-15,0.0
D6,Portbou - coll dels Belitres,2026-04-15,0.0
D7,Vinebre,2026-04-15,0.0
D8,Horta de Sant Joan,2026-04-15,0.0
D9,el Vendrell,2026-04-15,0.0
DB,el Perelló,2026-04-15,0.0
DF,la Bisbal d'Empordà,2026-04-15,0.0
DG,Núria (1.971 m),2026-04-15,0.0
DI,Font-rubí,2026-04-15,0.0
DJ,Banyoles,2026-04-15,0.0
DK,Torredembarra,2026-04-15,0.0
DL,Illa de Buda,2026-04-15,0.0
DN,Anglès,2026-04-15,0.0
DO,Castell d'Aro,2026-04-15,0.0
DP,Das - Aeròdrom,2026-04-15,0.0
DQ,Vila-rodona,2026-04-15,0.0
H1,Òdena,2026-04-15,0.0
J5,Pantà de Darnius - Boadella,2026-04-15,0.0
KE,Pantà de Sau,2026-04-15,0.0
KP,Fogars de la Selva,2026-04-15,0.1
KX,la Roca del Vallès - ETAP Cardedeu,2026-04-15,0.0
M6,Sant Joan de les Abadesses,2026-04-15,0.0
MQ,Cardona,2026-04-15,0.0
MR,Pantà de Siurana,2026-04-15,0.0
MS,Castellar de n'Hug - el Clot del Moro,2026-04-15,0.0
MV,Guixers - Valls,2026-04-15,0.0
MW,Navès,2026-04-15,0.0
U2,Sant Pere Pescador,2026-04-15,0.0
U3,Sant Martí Sarroca,2026-04-15,0.0
U4,Castellnou de Bages,2026-04-15,0.0
U6,Vinyols i els Arcs - Cambrils,2026-04-15,0.0
U7,Aldover,2026-04-15,0.0
U9,l'Aldea,2026-04-15,0.0
UA,l'Ametlla de Mar,2026-04-15,0.0
UB,la Tallada d'Empordà,2026-04-15,0.0
UE,Torroella de Montgrí,2026-04-15,0.0
UF,PN del Garraf - el Rascler,2026-04-15,0.0
UH,el Montmell,2026-04-15,0.0
UI,Gisclareny,2026-04-15,0.0
UJ,Santa Coloma de Queralt,2026-04-15,0.0
UK,Sant Pere de Ribes - PN del Garraf,2026-04-15,0.0
UM,la Granadella,2026-04-15,0.0
UN,Cassà de la Selva,2026-04-15,0.0
UO,Fornells de la Selva,2026-04-15,0.0
UP,Cabrils,2026-04-15,0.0
UQ,Dosrius - PN Montnegre Corredor,2026-04-15,0.0
US,les Cases d'Alcanar,2026-04-15,0.0
UU,Amposta,2026-04-15,0.0
UW,els Alfacs,2026-04-15,0.0
UX,Ulldecona - els Valentins,2026-04-15,0.0
UY,Os de Balaguer - el Monestir d'Avellanes,2026-04-15,0.0
V1,Vallfogona de Balaguer,2026-04-15,0.0
V4,Montesquiu,2026-04-15,0.0
V5,Perafita,2026-04-15,0.0
V8,el Poal,2026-04-15,0.0
VA,Ascó,2026-04-15,0.0
VB,Benissanet,2026-04-15,0.0
VC,Pantà de Riba-roja,2026-04-15,0.0
VD,el Canós,2026-04-15,0.0
VH,Gimenells,2026-04-15,0.0
VK,Raimat,2026-04-15,0.0
VM,Vilanova de Segrià,2026-04-15,0.0
VO,Lladurs,2026-04-15,0.0
VP,Pinós,2026-04-15,0.1
VQ,Constantí,2026-04-15,0.0
VS,Lac Redon (2.245 m),2026-04-15,0.0
VU,Rellinars,2026-04-15,0.0
VV,Sant Llorenç Savall,2026-04-15,0.0
VX,Tagamanent - PN del Montseny,2026-04-15,0.0
VY,Nulles,2026-04-15,0.0
VZ,Espolla,2026-04-15,0.0
W1,Castelló d'Empúries,2026-04-15,0.0
W4,Vilafranca del Penedès - la Granada,2026-04-15,0.0
W5,Oliana,2026-04-15,0.0
W8,Blancafort,2026-04-15,0.0
W9,la Vall d'en Bas,2026-04-15,0.0
WA,Oliola,2026-04-15,0.0
WB,Albesa,2026-04-15,0.0
WC,Golmés,2026-04-15,0.0
WG,Algerri,2026-04-15,0.0
WI,Maials,2026-04-15,0.0
WJ,el Masroig,2026-04-15,0.0
WK,Alfarràs,2026-04-15,0.0
WL,Sant Martí de Riucorb,2026-04-15,0.0
WM,Santuari de Queralt,2026-04-15,0.0
WN,Montserrat - Sant Dimes,2026-04-15,0.0
WO,la Bisbal del Penedès,2026-04-15,0.0
WP,Canaletes,2026-04-15,0.0
WQ,Montsec d'Ares (1.571 m),2026-04-15,0.0
WR,Torroja del Priorat,2026-04-15,0.0
WS,Viladrau,2026-04-15,0.0
WT,Malgrat de Mar,2026-04-15,0.0
WU,Badalona - Museu,2026-04-15,0.0
WV,Guardiola de Berguedà,2026-04-15,0.0
WW,Artés,2026-04-15,0.0
WX,Camarasa,2026-04-15,0.0
WZ,Cunit,2026-04-15,0.0
X1,Falset,2026-04-15,0.0
X3,Alguaire,2026-04-15,0.0
X4,Barcelona - el Raval,2026-04-15,0.0
X5,PN dels Ports,2026-04-15,0.0
X6,Baldomar,2026-04-15,0.0
X7,Torres de Segre,2026-04-15,0.0
X8,Barcelona - Zona Universitària,2026-04-15,0.0
X9,Caldes de Montbui,2026-04-15,0.0
XA,la Panadella,2026-04-15,0.0
XB,la Llacuna,2026-04-15,0.0
XC,Castellbisbal,2026-04-15,0.0
XD,Ulldemolins,2026-04-15,0.0
XE,Tarragona - Complex Educatiu,2026-04-15,0.0
XF,Sabadell - Parc Agrari,2026-04-15,0.0
XG,Parets del Vallès,2026-04-15,0.0
XH,Sort,2026-04-15,0.0
XI,Mollerussa,2026-04-15,0.0
XJ,Girona,2026-04-15,0.0
XK,Puig Sesolles (1.666 m),2026-04-15,0.0
XL,el Prat de Llobregat,2026-04-15,0.1
XM,els Alamús,2026-04-15,0.0
XN,Seròs,2026-04-15,0.0
XO,Vic,2026-04-15,0.0
XP,Gandesa,2026-04-15,0.0
XQ,Tremp,2026-04-15,0.0
XR,Prades,2026-04-15,0.0
XS,Santa Coloma de Farners,2026-04-15,0.0
XT,Solsona,2026-04-15,0.0
XU,Canyelles,2026-04-15,0.0
XV,Sant Cugat del Vallès - CAR,2026-04-15,0.0
XX,Anglesola - Tornabous,2026-04-15,0.0
XY,Alcarràs,2026-04-15,0.0
XZ,Torroella de Fluvià,2026-04-15,0.0
Y4,Alinyà,2026-04-15,0.0
Y5,Navata,2026-04-15,0.0
Y6,Tivissa,2026-04-15,0.0
YA,Puigcerdà,2026-04-15,0.0
YB,Olot,2026-04-15,0.0
YC,la Pobla de Segur,2026-04-15,0.0
YD,les Borges Blanques,2026-04-15,0.0
YE,Massoteres,2026-04-15,0.0
YF,Miami Platja,2026-04-15,0.0
YG,Tírvia,2026-04-15,0.0
YH,Pujalt,2026-04-15,0.0
YJ,Lleida - la Femosa,2026-04-15,0.0
YK,Terrassa,2026-04-15,0.0
YL,Riudecanyes,2026-04-15,0.0
YM,Granollers,2026-04-15,0.0
YN,Vielha - Elipòrt,2026-04-15,0.0
YO,Sant Sadurní d'Anoia,2026-04-15,0.0
YP,Palafrugell,2026-04-15,0.0
YQ,Port de Barcelona - ZAL Prat,2026-04-15,0.0
YR,Vilanova i la Geltrú,2026-04-15,0.1
YS,Cabanes,2026-04-15,0.0
YT,Bonabé (1.691 m),2026-04-15,0.0
YU,Cantonigròs,2026-04-15,0.0
YV,Mataró,2026-04-15,0.0
YX,Batea,2026-04-15,0.0
YY,Viladecans - les Filipines,2026-04-15,0.0
Z1,Bonaigua (2.262 m),2026-04-15,0.0
Z2,Boí (2.537 m),2026-04-15,0.0
Z3,Malniu (2.229 m),2026-04-15,0.0
Z5,Certascan (2.398 m),2026-04-15,0.0
Z6,Sasseuva (2.226 m),2026-04-15,0.0
Z7,Espot (2.519 m),2026-04-15,0.0
Z9,Cadí Nord (2.145 m) - Prat d'Aguiló,2026-04-15,0.0
ZB,Salòria (2.451 m),2026-04-15,0.0
ZC,Ulldeter (2.413 m),2026-04-15,0.0
ZE,el Port del Comte (2.288 m),2026-04-15,0.0
C6,Castellnou de Seana,2026-04-16,0.0
C7,Tàrrega,2026-04-16,0.0
C8,Cervera,2026-04-16,0.0
C9,Mas de Barberans,2026-04-16,0.0
CC,Orís,2026-04-16,0.0
CD,la Seu d'Urgell - Bellestar,2026-04-16,0.0
CE,els Hostalets de Pierola,2026-04-16,0.0
CG,Molló - Fabert,2026-04-16,0.0
CI,Sant Pau de Segúries,2026-04-16,0.0
CJ,Organyà,2026-04-16,0.0
CL,Sant Salvador de Guardiola,2026-04-16,0.0
CP,Sant Romà d'Abella,2026-04-16,0.0
CQ,Vilanova de Meià,2026-04-16,0.0
CR,la Quar,2026-04-16,0.0
CT,el Pont de Suert,2026-04-16,0.0
CW,l'Espluga de Francolí,2026-04-16,0.0
CY,Muntanyola,2026-04-16,0.0
D1,Margalef,2026-04-16,0.0
D2,Vacarisses,2026-04-16,0.0
D3,Vallirana,2026-04-16,0.0
D4,Roses,2026-04-16,0.0
D5,Barcelona - Observatori Fabra,2026-04-16,0.0
D6,Portbou - coll dels Belitres,2026-04-16,0.0
D7,Vinebre,2026-04-16,0.0
D8,Horta de Sant Joan,2026-04-16,0.0
D9,el Vendrell,2026-04-16,0.0
DB,el Perelló,2026-04-16,0.0
DF,la Bisbal d'Empordà,2026-04-16,0.0
DG,Núria (1.971 m),2026-04-16,0.0
DI,Font-rubí,2026-04-16,0.0
DJ,Banyoles,2026-04-16,0.0
DK,Torredembarra,2026-04-16,0.0
DL,Illa de Buda,2026-04-16,0.1
DN,Anglès,2026-04-16,0.0
DO,Castell d'Aro,2026-04-16,0.0
DP,Das - Aeròdrom,2026-04-16,0.0
DQ,Vila-rodona,2026-04-16,0.0
H1,Òdena,2026-04-16,0.0
J5,Pantà de Darnius - Boadella,2026-04-16,0.0
KE,Pantà de Sau,2026-04-16,0.0
KP,Fogars de la Selva,2026-04-16,0.0
KX,la Roca del Vallès - ETAP Cardedeu,2026-04-16,0.0
M6,Sant Joan de les Abadesses,2026-04-16,0.0
MQ,Cardona,2026-04-16,0.0
MR,Pantà de Siurana,2026-04-16,0.0
MS,Castellar de n'Hug - el Clot del Moro,2026-04-16,0.0
MV,Guixers - Valls,2026-04-16,0.0
MW,Navès,2026-04-16,0.0
U2,Sant Pere Pescador,2026-04-16,0.0
U3,Sant Martí Sarroca,2026-04-16,0.0
U4,Castellnou de Bages,2026-04-16,0.0
U6,Vinyols i els Arcs - Cambrils,2026-04-16,0.0
U7,Aldover,2026-04-16,0.0
U9,l'Aldea,2026-04-16,0.0
UA,l'Ametlla de Mar,2026-04-16,0.0
UB,la Tallada d'Empordà,2026-04-16,0.0
UE,Torroella de Montgrí,2026-04-16,0.0
UF,PN del Garraf - el Rascler,2026-04-16,0.0
UH,el Montmell,2026-04-16,0.0
UI,Gisclareny,2026-04-16,0.0
UJ,Santa Coloma de Queralt,2026-04-16,0.0
UK,Sant Pere de Ribes - PN del Garraf,2026-04-16,0.0
UM,la Granadella,2026-04-16,0.0
UN,Cassà de la Selva,2026-04-16,0.0
UO,Fornells de la Selva,2026-04-16,0.0
UP,Cabrils,2026-04-16,0.0
UQ,Dosrius - PN Montnegre Corredor,2026-04-16,0.0
US,les Cases d'Alcanar,2026-04-16,0.0
UU,Amposta,2026-04-16,0.0
UW,els Alfacs,2026-04-16,0.0
UX,Ulldecona - els Valentins,2026-04-16,0.0
UY,Os de Balaguer - el Monestir d'Avellanes,2026-04-16,0.0
V1,Vallfogona de Balaguer,2026-04-16,0.0
V4,Montesquiu,2026-04-16,0.0
V5,Perafita,2026-04-16,0.0
V8,el Poal,2026-04-16,0.0
VA,Ascó,2026-04-16,0.0
VB,Benissanet,2026-04-16,0.0
VC,Pantà de Riba-roja,2026-04-16,0.0
VD,el Canós,2026-04-16,0.0
VH,Gimenells,2026-04-16,0.0
VK,Raimat,2026-04-16,0.0
VM,Vilanova de Segrià,2026-04-16,0.0
VO,Lladurs,2026-04-16,0.0
VP,Pinós,2026-04-16,0.0
VQ,Constantí,2026-04-16,0.0
VS,Lac Redon (2.245 m),2026-04-16,0.0
VU,Rellinars,2026-04-16,0.0
VV,Sant Llorenç Savall,2026-04-16,0.0
VX,Tagamanent - PN del Montseny,2026-04-16,0.0
VY,Nulles,2026-04-16,0.0
VZ,Espolla,2026-04-16,0.0
W1,Castelló d'Empúries,2026-04-16,0.0
W4,Vilafranca del Penedès - la Granada,2026-04-16,0.0
W5,Oliana,2026-04-16,0.0
W8,Blancafort,2026-04-16,0.0
W9,la Vall d'en Bas,2026-04-16,0.0
WA,Oliola,2026-04-16,0.0
WB,Albesa,2026-04-16,0.0
WC,Golmés,2026-04-16,0.0
WG,Algerri,2026-04-16,0.0
WI,Maials,2026-04-16,0.0
WJ,el Masroig,2026-04-16,0.0
WK,Alfarràs,2026-04-16,0.0
WL,Sant Martí de Riucorb,2026-04-16,0.0
WM,Santuari de Queralt,2026-04-16,0.0
WN,Montserrat - Sant Dimes,2026-04-16,0.0
WO,la Bisbal del Penedès,2026-04-16,0.0
WP,Canaletes,2026-04-16,0.0
WQ,Montsec d'Ares (1.571 m),2026-04-16,0.0
WR,Torroja del Priorat,2026-04-16,0.0
WS,Viladrau,2026-04-16,0.0
WT,Malgrat de Mar,2026-04-16,0.0
WU,Badalona - Museu,2026-04-16,0.0
WV,Guardiola de Berguedà,2026-04-16,0.0
WW,Artés,2026-04-16,0.0
WX,Camarasa,2026-04-16,0.0
WZ,Cunit,2026-04-16,0.0
X1,Falset,2026-04-16,0.0
X3,Alguaire,2026-04-16,0.0
X4,Barcelona - el Raval,2026-04-16,0.0
X5,PN dels Ports,2026-04-16,0.0
X6,Baldomar,2026-04-16,0.0
X7,Torres de Segre,2026-04-16,0.0
X8,Barcelona - Zona Universitària,2026-04-16,0.0
X9,Caldes de Montbui,2026-04-16,0.0
XA,la Panadella,2026-04-16,0.0
XB,la Llacuna,2026-04-16,0.0
XC,Castellbisbal,2026-04-16,0.0
XD,Ulldemolins,2026-04-16,0.0
XE,Tarragona - Complex Educatiu,2026-04-16,0.0
XF,Sabadell - Parc Agrari,2026-04-16,0.0
XG,Parets del Vallès,2026-04-16,0.0
XH,Sort,2026-04-16,0.0
XI,Mollerussa,2026-04-16,0.0
XJ,Girona,2026-04-16,0.0
XK,Puig Sesolles (1.666 m),2026-04-16,0.0
XL,el Prat de Llobregat,2026-04-16,0.0
XM,els Alamús,2026-04-16,0.0
XN,Seròs,2026-04-16,0.0
XO,Vic,2026-04-16,0.0
XP,Gandesa,2026-04-16,0.0
XQ,Tremp,2026-04-16,0.0
XR,Prades,2026-04-16,0.0
XS,Santa Coloma de Farners,2026-04-16,0.0
XT,Solsona,2026-04-16,0.0
XU,Canyelles,2026-04-16,0.0
XV,Sant Cugat del Vallès - CAR,2026-04-16,0.0
XX,Anglesola - Tornabous,2026-04-16,0.0
XY,Alcarràs,2026-04-16,0.0
XZ,Torroella de Fluvià,2026-04-16,0.0
Y4,Alinyà,2026-04-16,0.0
Y5,Navata,2026-04-16,0.0
Y6,Tivissa,2026-04-16,0.0
YA,Puigcerdà,2026-04-16,0.0
YB,Olot,2026-04-16,0.0
YC,la Pobla de Segur,2026-04-16,0.0
YD,les Borges Blanques,2026-04-16,0.0
YE,Massoteres,2026-04-16,0.0
YF,Miami Platja,2026-04-16,0.0
YG,Tírvia,2026-04-16,0.0
YH,Pujalt,2026-04-16,0.0
YJ,Lleida - la Femosa,2026-04-16,0.0
YK,Terrassa,2026-04-16,0.0
YL,Riudecanyes,2026-04-16,0.0
YM,Granollers,2026-04-16,0.0
YN,Vielha - Elipòrt,2026-04-16,0.0
YO,Sant Sadurní d'Anoia,2026-04-16,0.0
YP,Palafrugell,2026-04-16,0.0
YQ,Port de Barcelona - ZAL Prat,2026-04-16,0.0
YR,Vilanova i la Geltrú,2026-04-16,0.0
YS,Cabanes,2026-04-16,0.0
YT,Bonabé (1.691 m),2026-04-16,0.0
YU,Cantonigròs,2026-04-16,0.0
YV,Mataró,2026-04-16,0.0
YX,Batea,2026-04-16,0.0
YY,Viladecans - les Filipines,2026-04-16,0.0
Z1,Bonaigua (2.262 m),2026-04-16,0.0
Z2,Boí (2.537 m),2026-04-16,0.0
Z3,Malniu (2.229 m),2026-04-16,0.0
Z5,Certascan (2.398 m),2026-04-16,0.0
Z6,Sasseuva (2.226 m),2026-04-16,0.0
Z7,Espot (2.519 m),2026-04-16,0.0
Z9,Cadí Nord (2.145 m) - Prat d'Aguiló,2026-04-16,0.0
ZB,Salòria (2.451 m),2026-04-16,0.0
ZC,Ulldeter (2.413 m),2026-04-16,0.0
ZE,el Port del Comte (2.288 m),2026-04-16,0.0
C6,Castellnou de Seana,2026-04-17,0.0
C7,Tàrrega,2026-04-17,0.0
C8,Cervera,2026-04-17,0.0
C9,Mas de Barberans,2026-04-17,0.0
CC,Orís,2026-04-17,0.0
CD,la Seu d'Urgell - Bellestar,2026-04-17,0.0
CE,els Hostalets de Pierola,2026-04-17,0.0
CG,Molló - Fabert,2026-04-17,0.0
CI,Sant Pau de Segúries,2026-04-17,0.0
CJ,Organyà,2026-04-17,0.0
CL,Sant Salvador de Guardiola,2026-04-17,0.0
CP,Sant Romà d'Abella,2026-04-17,0.0
CQ,Vilanova de Meià,2026-04-17,0.0
CR,la Quar,2026-04-17,0.0
CT,el Pont de Suert,2026-04-17,0.0
CW,l'Espluga de Francolí,2026-04-17,0.0
CY,Muntanyola,2026-04-17,0.0
D1,Margalef,2026-04-17,0.0
D2,Vacarisses,2026-04-17,0.0
D3,Vallirana,2026-04-17,0.0
D4,Roses,2026-04-17,0.0
D5,Barcelona - Observatori Fabra,2026-04-17,0.0
D6,Portbou - coll dels Belitres,2026-04-17,0.0
D7,Vinebre,2026-04-17,0.0
D8,Horta de Sant Joan,2026-04-17,0.0
D9,el Vendrell,2026-04-17,0.0
DB,el Perelló,2026-04-17,0.0
DF,la Bisbal d'Empordà,2026-04-17,0.0
DG,Núria (1.971 m),2026-04-17,0.0
DI,Font-rubí,2026-04-17,0.0
DJ,Banyoles,2026-04-17,0.0
DK,Torredembarra,2026-04-17,0.0
DL,Illa de Buda,2026-04-17,0.0
DN,Anglès,2026-04-17,0.0
DO,Castell d'Aro,2026-04-17,0.0
DP,Das - Aeròdrom,2026-04-17,0.0
DQ,Vila-rodona,2026-04-17,0.0
H1,Òdena,2026-04-17,0.0
J5,Pantà de Darnius - Boadella,2026-04-17,0.0
KE,Pantà de Sau,2026-04-17,0.0
KP,Fogars de la Selva,2026-04-17,0.0
KX,la Roca del Vallès - ETAP Cardedeu,2026-04-17,0.0
M6,Sant Joan de les Abadesses,2026-04-17,0.0
MQ,Cardona,2026-04-17,0.0
MR,Pantà de Siurana,2026-04-17,0.0
MS,Castellar de n'Hug - el Clot del Moro,2026-04-17,0.0
MV,Guixers - Valls,2026-04-17,0.0
MW,Navès,2026-04-17,0.0
U2,Sant Pere Pescador,2026-04-17,0.0
U3,Sant Martí Sarroca,2026-04-17,0.0
U4,Castellnou de Bages,2026-04-17,0.0
U6,Vinyols i els Arcs - Cambrils,2026-04-17,0.0
U7,Aldover,2026-04-17,0.0
U9,l'Aldea,2026-04-17,0.0
UA,l'Ametlla de Mar,2026-04-17,0.0
UB,la Tallada d'Empordà,2026-04-17,0.0
UE,Torroella de Montgrí,2026-04-17,0.0
UF,PN del Garraf - el Rascler,2026-04-17,0.0
UH,el Montmell,2026-04-17,0.0
UI,Gisclareny,2026-04-17,0.0
UJ,Santa Coloma de Queralt,2026-04-17,0.0
UK,Sant Pere de Ribes - PN del Garraf,2026-04-17,0.0
UM,la Granadella,2026-04-17,0.0
UN,Cassà de la Selva,2026-04-17,0.0
UO,Fornells de la Selva,2026-04-17,0.0
UP,Cabrils,2026-04-17,0.0
UQ,Dosrius - PN Montnegre Corredor,2026-04-17,0.0
US,les Cases d'Alcanar,2026-04-17,0.0
UU,Amposta,2026-04-17,0.0
UW,els Alfacs,2026-04-17,0.0
UX,Ulldecona - els Valentins,2026-04-17,0.0
UY,Os de Balaguer - el Monestir d'Avellanes,2026-04-17,0.0
V1,Vallfogona de Balaguer,2026-04-17,0.0
V4,Montesquiu,2026-04-17,0.0
V5,Perafita,2026-04-17,0.0
V8,el Poal,2026-04-17,0.0
VA,Ascó,2026-04-17,0.0
VB,Benissanet,2026-04-17,0.0
VC,Pantà de Riba-roja,2026-04-17,0.0
VD,el Canós,2026-04-17,0.0
VH,Gimenells,2026-04-17,0.0
VK,Raimat,2026-04-17,0.0
VM,Vilanova de Segrià,2026-04-17,0.0
VO,Lladurs,2026-04-17,0.0
VP,Pinós,2026-04-17,0.0
VQ,Constantí,2026-04-17,0.0
VS,Lac Redon (2.245 m),2026-04-17,0.0
VU,Rellinars,2026-04-17,0.0
VV,Sant Llorenç Savall,2026-04-17,0.0
VX,Tagamanent - PN del Montseny,2026-04-17,0.0
VY,Nulles,2026-04-17,0.0
VZ,Espolla,2026-04-17,0.0
W1,Castelló d'Empúries,2026-04-17,0.0
W4,Vilafranca del Penedès - la Granada,2026-04-17,0.0
W5,Oliana,2026-04-17,0.0
W8,Blancafort,2026-04-17,0.0
W9,la Vall d'en Bas,2026-04-17,0.0
WA,Oliola,2026-04-17,0.0
WB,Albesa,2026-04-17,0.0
WC,Golmés,2026-04-17,0.0
WG,Algerri,2026-04-17,0.0
WI,Maials,2026-04-17,0.0
WJ,el Masroig,2026-04-17,0.0
WK,Alfarràs,2026-04-17,0.0
WL,Sant Martí de Riucorb,2026-04-17,0.0
WM,Santuari de Queralt,2026-04-17,0.0
WN,Montserrat - Sant Dimes,2026-04-17,0.0
WO,la Bisbal del Penedès,2026-04-17,0.0
WP,Canaletes,2026-04-17,0.0
WQ,Montsec d'Ares (1.571 m),2026-04-17,0.0
WR,Torroja del Priorat,2026-04-17,0.0
WS,Viladrau,2026-04-17,0.0
WT,Malgrat de Mar,2026-04-17,0.0
WU,Badalona - Museu,2026-04-17,0.0
WV,Guardiola de Berguedà,2026-04-17,0.0
WW,Artés,2026-04-17,0.0
WX,Camarasa,2026-04-17,0.0
WZ,Cunit,2026-04-17,0.0
X1,Falset,2026-04-17,0.0
X3,Alguaire,2026-04-17,0.0
X4,Barcelona - el Raval,2026-04-17,0.0
X5,PN dels Ports,2026-04-17,0.0
X6,Baldomar,2026-04-17,0.0
X7,Torres de Segre,2026-04-17,0.0
X8,Barcelona - Zona Universitària,2026-04-17,0.0
X9,Caldes de Montbui,2026-04-17,0.0
XA,la Panadella,2026-04-17,0.0
XB,la Llacuna,2026-04-17,0.0
XC,Castellbisbal,2026-04-17,0.0
XD,Ulldemolins,2026-04-17,0.0
XE,Tarragona - Complex Educatiu,2026-04-17,0.0
XF,Sabadell - Parc Agrari,2026-04-17,0.0
XG,Parets del Vallès,2026-04-17,0.0
XH,Sort,2026-04-17,0.0
XI,Mollerussa,2026-04-17,0.0
XJ,Girona,2026-04-17,0.0
XK,Puig Sesolles (1.666 m),2026-04-17,0.0
XL,el Prat de Llobregat,2026-04-17,0.0
XM,els Alamús,2026-04-17,0.0
XN,Seròs,2026-04-17,0.0
XO,Vic,2026-04-17,0.0
XP,Gandesa,2026-04-17,0.0
XQ,Tremp,2026-04-17,0.0
XR,Prades,2026-04-17,0.0
XS,Santa Coloma de Farners,2026-04-17,0.0
XT,Solsona,2026-04-17,0.0
XU,Canyelles,2026-04-17,0.0
XV,Sant Cugat del Vallès - CAR,2026-04-17,0.0
XX,Anglesola - Tornabous,2026-04-17,0.0
XY,Alcarràs,2026-04-17,0.0
XZ,Torroella de Fluvià,2026-04-17,0.0
Y4,Alinyà,2026-04-17,0.0
Y5,Navata,2026-04-17,0.0
Y6,Tivissa,2026-04-17,0.0
YA,Puigcerdà,2026-04-17,0.0
YB,Olot,2026-04-17,0.0
YC,la Pobla de Segur,2026-04-17,0.0
YD,les Borges Blanques,2026-04-17,0.0
YE,Massoteres,2026-04-17,0.0
YF,Miami Platja,2026-04-17,0.0
YG,Tírvia,2026-04-17,0.0
YH,Pujalt,2026-04-17,0.0
YJ,Lleida - la Femosa,2026-04-17,0.0
YK,Terrassa,2026-04-17,0.0
YL,Riudecanyes,2026-04-17,0.0
YM,Granollers,2026-04-17,0.0
YN,Vielha - Elipòrt,2026-04-17,0.0
YO,Sant Sadurní d'Anoia,2026-04-17,0.0
YP,Palafrugell,2026-04-17,0.0
YQ,Port de Barcelona - ZAL Prat,2026-04-17,0.0
YR,Vilanova i la Geltrú,2026-04-17,0.0
YS,Cabanes,2026-04-17,0.0
YT,Bonabé (1.691 m),2026-04-17,0.0
YU,Cantonigròs,2026-04-17,0.0
YV,Mataró,2026-04-17,0.0
YX,Batea,2026-04-17,0.0
YY,Viladecans - les Filipines,2026-04-17,0.0
Z1,Bonaigua (2.262 m),2026-04-17,0.0
Z2,Boí (2.537 m),2026-04-17,0.0
Z3,Malniu (2.229 m),2026-04-17,0.0
Z5,Certascan (2.398 m),2026-04-17,0.0
Z6,Sasseuva (2.226 m),2026-04-17,0.0
Z7,Espot (2.519 m),2026-04-17,0.0
Z9,Cadí Nord (2.145 m) - Prat d'Aguiló,2026-04-17,0.0
ZB,Salòria (2.451 m),2026-04-17,0.0
ZC,Ulldeter (2.413 m),2026-04-17,0.0
ZE,el Port del Comte (2.288 m),2026-04-17,0.0
C6,Castellnou de Seana,2026-04-18,0.0
C7,Tàrrega,2026-04-18,0.0
C8,Cervera,2026-04-18,0.0
C9,Mas de Barberans,2026-04-18,0.0
CC,Orís,2026-04-18,0.0
CD,la Seu d'Urgell - Bellestar,2026-04-18,0.0
CE,els Hostalets de Pierola,2026-04-18,0.0
CG,Molló - Fabert,2026-04-18,0.1
CI,Sant Pau de Segúries,2026-04-18,0.0
CJ,Organyà,2026-04-18,0.0
CL,Sant Salvador de Guardiola,2026-04-18,0.0
CP,Sant Romà d'Abella,2026-04-18,0.0
CQ,Vilanova de Meià,2026-04-18,0.0
CR,la Quar,2026-04-18,0.0
CT,el Pont de Suert,2026-04-18,0.0
CW,l'Espluga de Francolí,2026-04-18,0.0
CY,Muntanyola,2026-04-18,0.0
D1,Margalef,2026-04-18,0.0
D2,Vacarisses,2026-04-18,0.0
D3,Vallirana,2026-04-18,0.0
D4,Roses,2026-04-18,0.0
D5,Barcelona - Observatori Fabra,2026-04-18,0.0
D6,Portbou - coll dels Belitres,2026-04-18,0.0
D7,Vinebre,2026-04-18,0.0
D8,Horta de Sant Joan,2026-04-18,0.0
D9,el Vendrell,2026-04-18,0.0
DB,el Perelló,2026-04-18,0.0
DF,la Bisbal d'Empordà,2026-04-18,0.0
DG,Núria (1.971 m),2026-04-18,0.3
DI,Font-rubí,2026-04-18,0.0
DJ,Banyoles,2026-04-18,0.0
DK,Torredembarra,2026-04-18,0.0
DL,Illa de Buda,2026-04-18,0.0
DN,Anglès,2026-04-18,0.0
DO,Castell d'Aro,2026-04-18,0.0
DP,Das - Aeròdrom,2026-04-18,0.0
DQ,Vila-rodona,2026-04-18,0.0
H1,Òdena,2026-04-18,0.0
J5,Pantà de Darnius - Boadella,2026-04-18,0.0
KE,Pantà de Sau,2026-04-18,0.0
KP,Fogars de la Selva,2026-04-18,0.0
KX,la Roca del Vallès - ETAP Cardedeu,2026-04-18,0.0
M6,Sant Joan de les Abadesses,2026-04-18,0.0
MQ,Cardona,2026-04-18,0.0
MR,Pantà de Siurana,2026-04-18,0.0
MS,Castellar de n'Hug - el Clot del Moro,2026-04-18,0.0
MV,Guixers - Valls,2026-04-18,0.0
MW,Navès,2026-04-18,0.0
U2,Sant Pere Pescador,2026-04-18,0.0
U3,Sant Martí Sarroca,2026-04-18,0.0
U4,Castellnou de Bages,2026-04-18,0.0
U6,Vinyols i els Arcs - Cambrils,2026-04-18,0.0
U7,Aldover,2026-04-18,0.0
U9,l'Aldea,2026-04-18,0.0
UA,l'Ametlla de Mar,2026-04-18,0.0
UB,la Tallada d'Empordà,2026-04-18,0.0
UE,Torroella de Montgrí,2026-04-18,0.0
UF,PN del Garraf - el Rascler,2026-04-18,0.0
UH,el Montmell,2026-04-18,0.0
UI,Gisclareny,2026-04-18,0.0
UJ,Santa Coloma de Queralt,2026-04-18,0.0
UK,Sant Pere de Ribes - PN del Garraf,2026-04-18,0.0
UM,la Granadella,2026-04-18,0.0
UN,Cassà de la Selva,2026-04-18,0.0
UO,Fornells de la Selva,2026-04-18,0.0
UP,Cabrils,2026-04-18,0.0
UQ,Dosrius - PN Montnegre Corredor,2026-04-18,0.0
US,les Cases d'Alcanar,2026-04-18,0.0
UU,Amposta,2026-04-18,0.0
UW,els Alfacs,2026-04-18,0.0
UX,Ulldecona - els Valentins,2026-04-18,0.0
UY,Os de Balaguer - el Monestir d'Avellanes,2026-04-18,0.0
V1,Vallfogona de Balaguer,2026-04-18,0.0
V4,Montesquiu,2026-04-18,0.0
V5,Perafita,2026-04-18,0.0
V8,el Poal,2026-04-18,0.0
VA,Ascó,2026-04-18,0.0
VB,Benissanet,2026-04-18,0.0
VC,Pantà de Riba-roja,2026-04-18,0.0
VD,el Canós,2026-04-18,0.0
VH,Gimenells,2026-04-18,0.0
VK,Raimat,2026-04-18,0.0
VM,Vilanova de Segrià,2026-04-18,0.0
VO,Lladurs,2026-04-18,0.0
VP,Pinós,2026-04-18,0.0
VQ,Constantí,2026-04-18,0.0
VS,Lac Redon (2.245 m),2026-04-18,0.0
VU,Rellinars,2026-04-18,0.0
VV,Sant Llorenç Savall,2026-04-18,0.0
VX,Tagamanent - PN del Montseny,2026-04-18,0.0
VY,Nulles,2026-04-18,0.0
VZ,Espolla,2026-04-18,0.0
W1,Castelló d'Empúries,2026-04-18,0.0
W4,Vilafranca del Penedès - la Granada,2026-04-18,0.0
W5,Oliana,2026-04-18,0.0
W8,Blancafort,2026-04-18,0.0
W9,la Vall d'en Bas,2026-04-18,0.0
WA,Oliola,2026-04-18,0.0
WB,Albesa,2026-04-18,0.0
WC,Golmés,2026-04-18,0.0
WG,Algerri,2026-04-18,0.0
WI,Maials,2026-04-18,0.0
WJ,el Masroig,2026-04-18,0.0
WK,Alfarràs,2026-04-18,0.0
WL,Sant Martí de Riucorb,2026-04-18,0.0
WM,Santuari de Queralt,2026-04-18,0.0
WN,Montserrat - Sant Dimes,2026-04-18,0.0
WO,la Bisbal del Penedès,2026-04-18,0.0
WP,Canaletes,2026-04-18,0.0
WQ,Montsec d'Ares (1.571 m),2026-04-18,0.0
WR,Torroja del Priorat,2026-04-18,0.0
WS,Viladrau,2026-04-18,0.0
WT,Malgrat de Mar,2026-04-18,0.0
WU,Badalona - Museu,2026-04-18,0.0
WV,Guardiola de Berguedà,2026-04-18,0.0
WW,Artés,2026-04-18,0.0
WX,Camarasa,2026-04-18,0.0
WZ,Cunit,2026-04-18,0.0
X1,Falset,2026-04-18,0.0
X3,Alguaire,2026-04-18,0.0
X4,Barcelona - el Raval,2026-04-18,0.0
X5,PN dels Ports,2026-04-18,0.0
X6,Baldomar,2026-04-18,0.0
X7,Torres de Segre,2026-04-18,0.0
X8,Barcelona - Zona Universitària,2026-04-18,0.0
X9,Caldes de Montbui,2026-04-18,0.0
XA,la Panadella,2026-04-18,0.0
XB,la Llacuna,2026-04-18,0.0
XC,Castellbisbal,2026-04-18,0.0
XD,Ulldemolins,2026-04-18,0.0
XE,Tarragona - Complex Educatiu,2026-04-18,0.0
XF,Sabadell - Parc Agrari,2026-04-18,0.0
XG,Parets del Vallès,2026-04-18,0.0
XH,Sort,2026-04-18,1.9
XI,Mollerussa,2026-04-18,0.1
XJ,Girona,2026-04-18,0.0
XK,Puig Sesolles (1.666 m),2026-04-18,0.0
XL,el Prat de Llobregat,2026-04-18,0.0
XM,els Alamús,2026-04-18,0.0
XN,Seròs,2026-04-18,0.0
XO,Vic,2026-04-18,0.0
XP,Gandesa,2026-04-18,0.0
XQ,Tremp,2026-04-18,0.0
XR,Prades,2026-04-18,0.0
XS,Santa Coloma de Farners,2026-04-18,0.0
XT,Solsona,2026-04-18,0.0
XU,Canyelles,2026-04-18,0.0
XV,Sant Cugat del Vallès - CAR,2026-04-18,0.0
XX,Anglesola - Tornabous,2026-04-18,0.0
XY,Alcarràs,2026-04-18,0.0
XZ,Torroella de Fluvià,2026-04-18,0.0
Y4,Alinyà,2026-04-18,0.0
Y5,Navata,2026-04-18,0.0
Y6,Tivissa,2026-04-18,0.0
YA,Puigcerdà,2026-04-18,0.0
YB,Olot,2026-04-18,0.0
YC,la Pobla de Segur,2026-04-18,0.0
YD,les Borges Blanques,2026-04-18,0.0
YE,Massoteres,2026-04-18,0.0
YF,Miami Platja,2026-04-18,0.0
YG,Tírvia,2026-04-18,0.0
YH,Pujalt,2026-04-18,0.0
YJ,Lleida - la Femosa,2026-04-18,0.0
YK,Terrassa,2026-04-18,0.0
YL,Riudecanyes,2026-04-18,0.0
YM,Granollers,2026-04-18,0.0
YN,Vielha - Elipòrt,2026-04-18,0.0
YO,Sant Sadurní d'Anoia,2026-04-18,0.0
YP,Palafrugell,2026-04-18,0.0
YQ,Port de Barcelona - ZAL Prat,2026-04-18,0.0
YR,Vilanova i la Geltrú,2026-04-18,0.0
YS,Cabanes,2026-04-18,0.0
YT,Bonabé (1.691 m),2026-04-18,0.0
YU,Cantonigròs,2026-04-18,0.0
YV,Mataró,2026-04-18,0.0
YX,Batea,2026-04-18,0.0
YY,Viladecans - les Filipines,2026-04-18,0.0
Z1,Bonaigua (2.262 m),2026-04-18,0.0
Z2,Boí (2.537 m),2026-04-18,0.0
Z3,Malniu (2.229 m),2026-04-18,0.0
Z5,Certascan (2.398 m),2026-04-18,0.0
Z6,Sasseuva (2.226 m),2026-04-18,0.0
Z7,Espot (2.519 m),2026-04-18,3.1
Z9,Cadí Nord (2.145 m) - Prat d'Aguiló,2026-04-18,0.0
ZB,Salòria (2.451 m),2026-04-18,0.0
ZC,Ulldeter (2.413 m),2026-04-18,0.3
ZE,el Port del Comte (2.288 m),2026-04-18,0.0
C6,Castellnou de Seana,2026-04-19,1.7
C7,Tàrrega,2026-04-19,1.0
C8,Cervera,2026-04-19,1.3
C9,Mas de Barberans,2026-04-19,0.0
CC,Orís,2026-04-19,2.4
CD,la Seu d'Urgell - Bellestar,2026-04-19,20.7
CE,els Hostalets de Pierola,2026-04-19,0.6
CG,Molló - Fabert,2026-04-19,20.2
CI,Sant Pau de Segúries,2026-04-19,12.3
CJ,Organyà,2026-04-19,14.8
CL,Sant Salvador de Guardiola,2026-04-19,0.8
CP,Sant Romà d'Abella,2026-04-19,5.6
CQ,Vilanova de Meià,2026-04-19,15.2
CR,la Quar,2026-04-19,6.8
CT,el Pont de Suert,2026-04-19,5.5
CW,l'Espluga de Francolí,2026-04-19,0.0
CY,Muntanyola,2026-04-19,4.9
D1,Margalef,2026-04-19,0.0
D2,Vacarisses,2026-04-19,0.2
D3,Vallirana,2026-04-19,0.0
D4,Roses,2026-04-19,0.0
D5,Barcelona - Observatori Fabra,2026-04-19,0.0
D6,Portbou - coll dels Belitres,2026-04-19,0.0
D7,Vinebre,2026-04-19,0.0
D8,Horta de Sant Joan,2026-04-19,0.0
D9,el Vendrell,2026-04-19,0.0
DB,el Perelló,2026-04-19,0.0
DF,la Bisbal d'Empordà,2026-04-19,0.0
DG,Núria (1.971 m),2026-04-19,16.2
DI,Font-rubí,2026-04-19,0.0
DJ,Banyoles,2026-04-19,1.5
DK,Torredembarra,2026-04-19,0.0
DL,Illa de Buda,2026-04-19,0.1
DN,Anglès,2026-04-19,0.8
DO,Castell d'Aro,2026-04-19,0.0
DP,Das - Aeròdrom,2026-04-19,10.7
DQ,Vila-rodona,2026-04-19,0.0
H1,Òdena,2026-04-19,1.0
J5,Pantà de Darnius - Boadella,2026-04-19,0.1
KE,Pantà de Sau,2026-04-19,3.4
KP,Fogars de la Selva,2026-04-19,0.1
KX,la Roca del Vallès - ETAP Cardedeu,2026-04-19,0.1
M6,Sant Joan de les Abadesses,2026-04-19,2.2
MQ,Cardona,2026-04-19,0.4
MR,Pantà de Siurana,2026-04-19,0.0
MS,Castellar de n'Hug - el Clot del Moro,2026-04-19,11.1
MV,Guixers - Valls,2026-04-19,11.1
MW,Navès,2026-04-19,2.8
U2,Sant Pere Pescador,2026-04-19,0.1
U3,Sant Martí Sarroca,2026-04-19,0.0
U4,Castellnou de Bages,2026-04-19,5.4
U6,Vinyols i els Arcs - Cambrils,2026-04-19,0.0
U7,Aldover,2026-04-19,0.0
U9,l'Aldea,2026-04-19,0.0
UA,l'Ametlla de Mar,2026-04-19,0.0
UB,la Tallada d'Empordà,2026-04-19,0.2
UE,Torroella de Montgrí,2026-04-19,0.0
UF,PN del Garraf - el Rascler,2026-04-19,0.0
UH,el Montmell,2026-04-19,0.0
UI,Gisclareny,2026-04-19,16.7
UJ,Santa Coloma de Queralt,2026-04-19,0.0
UK,Sant Pere de Ribes - PN del Garraf,2026-04-19,0.0
UM,la Granadella,2026-04-19,0.0
UN,Cassà de la Selva,2026-04-19,0.0
UO,Fornells de la Selva,2026-04-19,0.1
UP,Cabrils,2026-04-19,0.0
UQ,Dosrius - PN Montnegre Corredor,2026-04-19,0.5
US,les Cases d'Alcanar,2026-04-19,0.0
UU,Amposta,2026-04-19,0.0
UW,els Alfacs,2026-04-19,0.1
UX,Ulldecona - els Valentins,2026-04-19,0.0
UY,Os de Balaguer - el Monestir d'Avellanes,2026-04-19,0.3
V1,Vallfogona de Balaguer,2026-04-19,0.1
V4,Montesquiu,2026-04-19,2.4
V5,Perafita,2026-04-19,2.6
V8,el Poal,2026-04-19,1.8
VA,Ascó,2026-04-19,0.0
VB,Benissanet,2026-04-19,0.0
VC,Pantà de Riba-roja,2026-04-19,0.0
VD,el Canós,2026-04-19,1.3
VH,Gimenells,2026-04-19,1.9
VK,Raimat,2026-04-19,5.1
VM,Vilanova de Segrià,2026-04-19,2.2
VO,Lladurs,2026-04-19,4.5
VP,Pinós,2026-04-19,0.5
VQ,Constantí,2026-04-19,0.0
VS,Lac Redon (2.245 m),2026-04-19,2.6
VU,Rellinars,2026-04-19,0.2
VV,Sant Llorenç Savall,2026-04-19,0.0
VX,Tagamanent - PN del Montseny,2026-04-19,3.0
VY,Nulles,2026-04-19,0.0
VZ,Espolla,2026-04-19,0.0
W1,Castelló d'Empúries,2026-04-19,0.0
W4,Vilafranca del Penedès - la Granada,2026-04-19,0.0
W5,Oliana,2026-04-19,4.6
W8,Blancafort,2026-04-19,0.0
W9,la Vall d'en Bas,2026-04-19,3.3
WA,Oliola,2026-04-19,3.6
WB,Albesa,2026-04-19,1.5
WC,Golmés,2026-04-19,0.2
WG,Algerri,2026-04-19,4.1
WI,Maials,2026-04-19,0.0
WJ,el Masroig,2026-04-19,0.0
WK,Alfarràs,2026-04-19,0.4
WL,Sant Martí de Riucorb,2026-04-19,0.6
WM,Santuari de Queralt,2026-04-19,4.4
WN,Montserrat - Sant Dimes,2026-04-19,0.6
WO,la Bisbal del Penedès,2026-04-19,0.0
WP,Canaletes,2026-04-19,0.0
WQ,Montsec d'Ares (1.571 m),2026-04-19,1.9
WR,Torroja del Priorat,2026-04-19,0.0
WS,Viladrau,2026-04-19,1.1
WT,Malgrat de Mar,2026-04-19,0.1
WU,Badalona - Museu,2026-04-19,0.0
WV,Guardiola de Berguedà,2026-04-19,11.2
WW,Artés,2026-04-19,6.1
WX,Camarasa,2026-04-19,5.0
WZ,Cunit,2026-04-19,0.0
X1,Falset,2026-04-19,0.0
X3,Alguaire,2026-04-19,0.4
X4,Barcelona - el Raval,2026-04-19,0.0
X5,PN dels Ports,2026-04-19,0.0
X6,Baldomar,2026-04-19,3.6
X7,Torres de Segre,2026-04-19,0.0
X8,Barcelona - Zona Universitària,2026-04-19,0.0
X9,Caldes de Montbui,2026-04-19,0.0
XA,la Panadella,2026-04-19,1.5
XB,la Llacuna,2026-04-19,0.0
XC,Castellbisbal,2026-04-19,0.2
XD,Ulldemolins,2026-04-19,0.0
XE,Tarragona - Complex Educatiu,2026-04-19,0.0
XF,Sabadell - Parc Agrari,2026-04-19,0.0
XG,Parets del Vallès,2026-04-19,0.0
XH,Sort,2026-04-19,7.6
XI,Mollerussa,2026-04-19,0.1
XJ,Girona,2026-04-19,0.3
XK,Puig Sesolles (1.666 m),2026-04-19,3.9
XL,el Prat de Llobregat,2026-04-19,0.0
XM,els Alamús,2026-04-19,0.2
XN,Seròs,2026-04-19,0.0
XO,Vic,2026-04-19,0.9
XP,Gandesa,2026-04-19,0.0
XQ,Tremp,2026-04-19,5.4
XR,Prades,2026-04-19,0.0
XS,Santa Coloma de Farners,2026-04-19,0.2
XT,Solsona,2026-04-19,1.5
XU,Canyelles,2026-04-19,0.0
XV,Sant Cugat del Vallès - CAR,2026-04-19,0.0
XX,Anglesola - Tornabous,2026-04-19,0.9
XY,Alcarràs,2026-04-19,0.0
XZ,Torroella de Fluvià,2026-04-19,0.1
Y4,Alinyà,2026-04-19,10.8
Y5,Navata,2026-04-19,0.0
Y6,Tivissa,2026-04-19,0.0
YA,Puigcerdà,2026-04-19,6.7
YB,Olot,2026-04-19,3.6
YC,la Pobla de Segur,2026-04-19,11.4
YD,les Borges Blanques,2026-04-19,0.0
YE,Massoteres,2026-04-19,2.1
YF,Miami Platja,2026-04-19,0.0
YG,Tírvia,2026-04-19,8.7
YH,Pujalt,2026-04-19,1.3
YJ,Lleida - la Femosa,2026-04-19,0.9
YK,Terrassa,2026-04-19,0.1
YL,Riudecanyes,2026-04-19,0.0
YM,Granollers,2026-04-19,0.0
YN,Vielha - Elipòrt,2026-04-19,5.1
YO,Sant Sadurní d'Anoia,2026-04-19,0.0
YP,Palafrugell,2026-04-19,0.0
YQ,Port de Barcelona - ZAL Prat,2026-04-19,0.0
YR,Vilanova i la Geltrú,2026-04-19,0.0
YS,Cabanes,2026-04-19,0.1
YT,Bonabé (1.691 m),2026-04-19,0.0
YU,Cantonigròs,2026-04-19,5.2
YV,Mataró,2026-04-19,0.0
YX,Batea,2026-04-19,0.0
YY,Viladecans - les Filipines,2026-04-19,0.0
Z1,Bonaigua (2.262 m),2026-04-19,8.7
Z2,Boí (2.537 m),2026-04-19,11.3
Z3,Malniu (2.229 m),2026-04-19,13.5
Z5,Certascan (2.398 m),2026-04-19,0.0
Z6,Sasseuva (2.226 m),2026-04-19,6.8
Z7,Espot (2.519 m),2026-04-19,9.2
Z9,Cadí Nord (2.145 m) - Prat d'Aguiló,2026-04-19,38.1
ZB,Salòria (2.451 m),2026-04-19,9.8
ZC,Ulldeter (2.413 m),2026-04-19,16.7
ZE,el Port del Comte (2.288 m),2026-04-19,9.9
C6,Castellnou de Seana,2026-04-20,0.0
C7,Tàrrega,2026-04-20,0.0
C8,Cervera,2026-04-20,0.0
C9,Mas de Barberans,2026-04-20,0.1
CC,Orís,2026-04-20,19.4
CD,la Seu d'Urgell - Bellestar,2026-04-20,5.9
CE,els Hostalets de Pierola,2026-04-20,0.0
CG,Molló - Fabert,2026-04-20,7.6
CI,Sant Pau de Segúries,2026-04-20,3.2
CJ,Organyà,2026-04-20,2.1
CL,Sant Salvador de Guardiola,2026-04-20,0.0
CP,Sant Romà d'Abella,2026-04-20,2.0
CQ,Vilanova de Meià,2026-04-20,0.2
CR,la Quar,2026-04-20,5.7
CT,el Pont de Suert,2026-04-20,9.5
CW,l'Espluga de Francolí,2026-04-20,19.7
CY,Muntanyola,2026-04-20,13.3
D1,Margalef,2026-04-20,0.0
D2,Vacarisses,2026-04-20,0.0
D3,Vallirana,2026-04-20,0.0
D4,Roses,2026-04-20,0.3
D5,Barcelona - Observatori Fabra,2026-04-20,0.0
D6,Portbou - coll dels Belitres,2026-04-20,0.0
D7,Vinebre,2026-04-20,0.0
D8,Horta de Sant Joan,2026-04-20,0.0
D9,el Vendrell,2026-04-20,0.0
DB,el Perelló,2026-04-20,0.0
DF,la Bisbal d'Empordà,2026-04-20,3.4
DG,Núria (1.971 m),2026-04-20,4.9
DI,Font-rubí,2026-04-20,0.0
DJ,Banyoles,2026-04-20,1.9
DK,Torredembarra,2026-04-20,0.0
DL,Illa de Buda,2026-04-20,0.1
DN,Anglès,2026-04-20,15.1
DO,Castell d'Aro,2026-04-20,2.0
DP,Das - Aeròdrom,2026-04-20,0.0
DQ,Vila-rodona,2026-04-20,0.0
H1,Òdena,2026-04-20,0.1
J5,Pantà de Darnius - Boadella,2026-04-20,2.0
KE,Pantà de Sau,2026-04-20,14.5
KP,Fogars de la Selva,2026-04-20,4.8
KX,la Roca del Vallès - ETAP Cardedeu,2026-04-20,0.6
M6,Sant Joan de les Abadesses,2026-04-20,1.6
MQ,Cardona,2026-04-20,0.5
MR,Pantà de Siurana,2026-04-20,0.0
MS,Castellar de n'Hug - el Clot del Moro,2026-04-20,9.8
MV,Guixers - Valls,2026-04-20,5.7
MW,Navès,2026-04-20,2.2
U2,Sant Pere Pescador,2026-04-20,1.4
U3,Sant Martí Sarroca,2026-04-20,0.0
U4,Castellnou de Bages,2026-04-20,7.8
U6,Vinyols i els Arcs - Cambrils,2026-04-20,0.0
U7,Aldover,2026-04-20,0.0
U9,l'Aldea,2026-04-20,0.1
UA,l'Ametlla de Mar,2026-04-20,0.0
UB,la Tallada d'Empordà,2026-04-20,2.2
UE,Torroella de Montgrí,2026-04-20,2.6
UF,PN del Garraf - el Rascler,2026-04-20,0.0
UH,el Montmell,2026-04-20,0.0
UI,Gisclareny,2026-04-20,2.7
UJ,Santa Coloma de Queralt,2026-04-20,0.0
UK,Sant Pere de Ribes - PN del Garraf,2026-04-20,0.0
UM,la Granadella,2026-04-20,0.0
UN,Cassà de la Selva,2026-04-20,3.4
UO,Fornells de la Selva,2026-04-20,12.9
UP,Cabrils,2026-04-20,0.0
UQ,Dosrius - PN Montnegre Corredor,2026-04-20,2.4
US,les Cases d'Alcanar,2026-04-20,0.0
UU,Amposta,2026-04-20,0.1
UW,els Alfacs,2026-04-20,0.0
UX,Ulldecona - els Valentins,2026-04-20,0.0
UY,Os de Balaguer - el Monestir d'Avellanes,2026-04-20,0.0
V1,Vallfogona de Balaguer,2026-04-20,0.0
V4,Montesquiu,2026-04-20,19.5
V5,Perafita,2026-04-20,9.2
V8,el Poal,2026-04-20,0.0
VA,Ascó,2026-04-20,0.0
VB,Benissanet,2026-04-20,0.0
VC,Pantà de Riba-roja,2026-04-20,0.0
VD,el Canós,2026-04-20,0.0
VH,Gimenells,2026-04-20,0.0
VK,Raimat,2026-04-20,0.0
VM,Vilanova de Segrià,2026-04-20,0.0
VO,Lladurs,2026-04-20,14.0
VP,Pinós,2026-04-20,0.1
VQ,Constantí,2026-04-20,0.0
VS,Lac Redon (2.245 m),2026-04-20,1.9
VU,Rellinars,2026-04-20,0.1
VV,Sant Llorenç Savall,2026-04-20,1.2
VX,Tagamanent - PN del Montseny,2026-04-20,2.9
VY,Nulles,2026-04-20,0.0
VZ,Espolla,2026-04-20,0.1
W1,Castelló d'Empúries,2026-04-20,1.1
W4,Vilafranca del Penedès - la Granada,2026-04-20,0.0
W5,Oliana,2026-04-20,1.1
W8,Blancafort,2026-04-20,0.7
W9,la Vall d'en Bas,2026-04-20,2.2
WA,Oliola,2026-04-20,0.0
WB,Albesa,2026-04-20,0.0
WC,Golmés,2026-04-20,0.0
WG,Algerri,2026-04-20,0.0
WI,Maials,2026-04-20,0.0
WJ,el Masroig,2026-04-20,0.0
WK,Alfarràs,2026-04-20,0.1
WL,Sant Martí de Riucorb,2026-04-20,0.0
WM,Santuari de Queralt,2026-04-20,0.7
WN,Montserrat - Sant Dimes,2026-04-20,0.0
WO,la Bisbal del Penedès,2026-04-20,0.0
WP,Canaletes,2026-04-20,0.0
WQ,Montsec d'Ares (1.571 m),2026-04-20,0.0
WR,Torroja del Priorat,2026-04-20,0.0
WS,Viladrau,2026-04-20,9.4
WT,Malgrat de Mar,2026-04-20,1.3
WU,Badalona - Museu,2026-04-20,0.0
WV,Guardiola de Berguedà,2026-04-20,18.5
WW,Artés,2026-04-20,3.6
WX,Camarasa,2026-04-20,0.0
WZ,Cunit,2026-04-20,0.0
X1,Falset,2026-04-20,0.0
X3,Alguaire,2026-04-20,0.0
X4,Barcelona - el Raval,2026-04-20,0.0
X5,PN dels Ports,2026-04-20,1.6
X6,Baldomar,2026-04-20,0.0
X7,Torres de Segre,2026-04-20,0.0
X8,Barcelona - Zona Universitària,2026-04-20,0.0
X9,Caldes de Montbui,2026-04-20,0.0
XA,la Panadella,2026-04-20,0.0
XB,la Llacuna,2026-04-20,0.0
XC,Castellbisbal,2026-04-20,0.0
XD,Ulldemolins,2026-04-20,0.0
XE,Tarragona - Complex Educatiu,2026-04-20,0.0
XF,Sabadell - Parc Agrari,2026-04-20,0.0
XG,Parets del Vallès,2026-04-20,0.0
XH,Sort,2026-04-20,5.5
XI,Mollerussa,2026-04-20,0.0
XJ,Girona,2026-04-20,3.0
XK,Puig Sesolles (1.666 m),2026-04-20,4.1
XL,el Prat de Llobregat,2026-04-20,0.0
XM,els Alamús,2026-04-20,0.0
XN,Seròs,2026-04-20,0.0
XO,Vic,2026-04-20,16.7
XP,Gandesa,2026-04-20,0.0
XQ,Tremp,2026-04-20,1.2
XR,Prades,2026-04-20,0.0
XS,Santa Coloma de Farners,2026-04-20,4.3
XT,Solsona,2026-04-20,0.2
XU,Canyelles,2026-04-20,0.0
XV,Sant Cugat del Vallès - CAR,2026-04-20,0.0
XX,Anglesola - Tornabous,2026-04-20,0.0
XY,Alcarràs,2026-04-20,0.0
XZ,Torroella de Fluvià,2026-04-20,1.5
Y4,Alinyà,2026-04-20,2.7
Y5,Navata,2026-04-20,0.7
Y6,Tivissa,2026-04-20,0.0
YA,Puigcerdà,2026-04-20,0.4
YB,Olot,2026-04-20,1.4
YC,la Pobla de Segur,2026-04-20,0.9
YD,les Borges Blanques,2026-04-20,0.0
YE,Massoteres,2026-04-20,0.0
YF,Miami Platja,2026-04-20,0.0
YG,Tírvia,2026-04-20,0.1
YH,Pujalt,2026-04-20,0.0
YJ,Lleida - la Femosa,2026-04-20,0.0
YK,Terrassa,2026-04-20,0.0
YL,Riudecanyes,2026-04-20,0.0
YM,Granollers,2026-04-20,1.3
YN,Vielha - Elipòrt,2026-04-20,5.0
YO,Sant Sadurní d'Anoia,2026-04-20,0.0
YP,Palafrugell,2026-04-20,1.6
YQ,Port de Barcelona - ZAL Prat,2026-04-20,0.0
YR,Vilanova i la Geltrú,2026-04-20,0.0
YS,Cabanes,2026-04-20,1.5
YT,Bonabé (1.691 m),2026-04-20,10.2
YU,Cantonigròs,2026-04-20,9.9
YV,Mataró,2026-04-20,0.1
YX,Batea,2026-04-20,0.0
YY,Viladecans - les Filipines,2026-04-20,0.0
Z1,Bonaigua (2.262 m),2026-04-20,4.2
Z2,Boí (2.537 m),2026-04-20,2.8
Z3,Malniu (2.229 m),2026-04-20,0.0
Z5,Certascan (2.398 m),2026-04-20,2.6
Z6,Sasseuva (2.226 m),2026-04-20,6.6
Z7,Espot (2.519 m),2026-04-20,0.4
Z9,Cadí Nord (2.145 m) - Prat d'Aguiló,2026-04-20,3.6
ZB,Salòria (2.451 m),2026-04-20,0.3
ZC,Ulldeter (2.413 m),2026-04-20,5.5
ZE,el Port del Comte (2.288 m),2026-04-20,7.4
C6,Castellnou de Seana,2026-04-21,0.0
C7,Tàrrega,2026-04-21,0.0
C8,Cervera,2026-04-21,0.0
C9,Mas de Barberans,2026-04-21,0.0
CC,Orís,2026-04-21,0.0
CD,la Seu d'Urgell - Bellestar,2026-04-21,0.3
CE,els Hostalets de Pierola,2026-04-21,0.0
CG,Molló - Fabert,2026-04-21,0.0
CI,Sant Pau de Segúries,2026-04-21,3.1
CJ,Organyà,2026-04-21,1.1
CL,Sant Salvador de Guardiola,2026-04-21,0.0
CP,Sant Romà d'Abella,2026-04-21,0.5
CQ,Vilanova de Meià,2026-04-21,0.0
CR,la Quar,2026-04-21,0.0
CT,el Pont de Suert,2026-04-21,0.3
CW,l'Espluga de Francolí,2026-04-21,0.0
CY,Muntanyola,2026-04-21,0.0
D1,Margalef,2026-04-21,0.0
D2,Vacarisses,2026-04-21,0.0
D3,Vallirana,2026-04-21,0.0
D4,Roses,2026-04-21,0.0
D5,Barcelona - Observatori Fabra,2026-04-21,0.0
D6,Portbou - coll dels Belitres,2026-04-21,0.0
D7,Vinebre,2026-04-21,0.0
D8,Horta de Sant Joan,2026-04-21,0.0
D9,el Vendrell,2026-04-21,0.0
DB,el Perelló,2026-04-21,0.0
DF,la Bisbal d'Empordà,2026-04-21,0.0
DG,Núria (1.971 m),2026-04-21,1.4
DI,Font-rubí,2026-04-21,0.0
DJ,Banyoles,2026-04-21,0.0
DK,Torredembarra,2026-04-21,0.0
DL,Illa de Buda,2026-04-21,0.0
DN,Anglès,2026-04-21,0.0
DO,Castell d'Aro,2026-04-21,0.0
DP,Das - Aeròdrom,2026-04-21,4.1
DQ,Vila-rodona,2026-04-21,0.0
H1,Òdena,2026-04-21,0.0
J5,Pantà de Darnius - Boadella,2026-04-21,0.0
KE,Pantà de Sau,2026-04-21,0.0
KP,Fogars de la Selva,2026-04-21,0.1
KX,la Roca del Vallès - ETAP Cardedeu,2026-04-21,0.1
M6,Sant Joan de les Abadesses,2026-04-21,3.8
MQ,Cardona,2026-04-21,0.0
MR,Pantà de Siurana,2026-04-21,0.0
MS,Castellar de n'Hug - el Clot del Moro,2026-04-21,9.8
MV,Guixers - Valls,2026-04-21,0.7
MW,Navès,2026-04-21,0.0
U2,Sant Pere Pescador,2026-04-21,0.1
U3,Sant Martí Sarroca,2026-04-21,0.0
U4,Castellnou de Bages,2026-04-21,0.1
U6,Vinyols i els Arcs - Cambrils,2026-04-21,0.0
U7,Aldover,2026-04-21,0.0
U9,l'Aldea,2026-04-21,0.0
UA,l'Ametlla de Mar,2026-04-21,0.0
UB,la Tallada d'Empordà,2026-04-21,0.1
UE,Torroella de Montgrí,2026-04-21,0.0
UF,PN del Garraf - el Rascler,2026-04-21,0.0
UH,el Montmell,2026-04-21,0.0
UI,Gisclareny,2026-04-21,32.0
UJ,Santa Coloma de Queralt,2026-04-21,0.0
UK,Sant Pere de Ribes - PN del Garraf,2026-04-21,0.0
UM,la Granadella,2026-04-21,0.0
UN,Cassà de la Selva,2026-04-21,0.1
UO,Fornells de la Selva,2026-04-21,0.1
UP,Cabrils,2026-04-21,0.0
UQ,Dosrius - PN Montnegre Corredor,2026-04-21,0.0
US,les Cases d'Alcanar,2026-04-21,0.0
UU,Amposta,2026-04-21,0.0
UW,els Alfacs,2026-04-21,0.0
UX,Ulldecona - els Valentins,2026-04-21,0.0
UY,Os de Balaguer - el Monestir d'Avellanes,2026-04-21,0.0
V1,Vallfogona de Balaguer,2026-04-21,0.0
V4,Montesquiu,2026-04-21,0.2
V5,Perafita,2026-04-21,0.0
V8,el Poal,2026-04-21,0.0
VA,Ascó,2026-04-21,0.0
VB,Benissanet,2026-04-21,0.0
VC,Pantà de Riba-roja,2026-04-21,0.0
VD,el Canós,2026-04-21,0.0
VH,Gimenells,2026-04-21,0.0
VK,Raimat,2026-04-21,0.0
VM,Vilanova de Segrià,2026-04-21,0.0
VO,Lladurs,2026-04-21,0.1
VP,Pinós,2026-04-21,0.0
VQ,Constantí,2026-04-21,0.0
VS,Lac Redon (2.245 m),2026-04-21,0.0
VU,Rellinars,2026-04-21,0.0
VV,Sant Llorenç Savall,2026-04-21,0.0
VX,Tagamanent - PN del Montseny,2026-04-21,0.0
VY,Nulles,2026-04-21,0.0
VZ,Espolla,2026-04-21,0.1
W1,Castelló d'Empúries,2026-04-21,0.0
W4,Vilafranca del Penedès - la Granada,2026-04-21,0.0
W5,Oliana,2026-04-21,0.0
W8,Blancafort,2026-04-21,0.0
W9,la Vall d'en Bas,2026-04-21,0.3
WA,Oliola,2026-04-21,0.0
WB,Albesa,2026-04-21,0.0
WC,Golmés,2026-04-21,0.0
WG,Algerri,2026-04-21,0.0
WI,Maials,2026-04-21,0.0
WJ,el Masroig,2026-04-21,0.0
WK,Alfarràs,2026-04-21,0.0
WL,Sant Martí de Riucorb,2026-04-21,0.0
WM,Santuari de Queralt,2026-04-21,0.7
WN,Montserrat - Sant Dimes,2026-04-21,0.0
WO,la Bisbal del Penedès,2026-04-21,0.0
WP,Canaletes,2026-04-21,0.0
WQ,Montsec d'Ares (1.571 m),2026-04-21,0.0
WR,Torroja del Priorat,2026-04-21,0.0
WS,Viladrau,2026-04-21,0.0
WT,Malgrat de Mar,2026-04-21,0.0
WU,Badalona - Museu,2026-04-21,0.0
WV,Guardiola de Berguedà,2026-04-21,25.2
WW,Artés,2026-04-21,0.1
WX,Camarasa,2026-04-21,0.0
WZ,Cunit,2026-04-21,0.0
X1,Falset,2026-04-21,0.0
X3,Alguaire,2026-04-21,0.0
X4,Barcelona - el Raval,2026-04-21,0.0
X5,PN dels Ports,2026-04-21,0.0
X6,Baldomar,2026-04-21,0.0
X7,Torres de Segre,2026-04-21,0.0
X8,Barcelona - Zona Universitària,2026-04-21,0.0
X9,Caldes de Montbui,2026-04-21,0.0
XA,la Panadella,2026-04-21,0.0
XB,la Llacuna,2026-04-21,0.0
XC,Castellbisbal,2026-04-21,0.0
XD,Ulldemolins,2026-04-21,0.0
XE,Tarragona - Complex Educatiu,2026-04-21,0.0
XF,Sabadell - Parc Agrari,2026-04-21,0.0
XG,Parets del Vallès,2026-04-21,0.0
XH,Sort,2026-04-21,2.1
XI,Mollerussa,2026-04-21,0.0
XJ,Girona,2026-04-21,0.1
XK,Puig Sesolles (1.666 m),2026-04-21,0.0
XL,el Prat de Llobregat,2026-04-21,0.0
XM,els Alamús,2026-04-21,0.0
XN,Seròs,2026-04-21,0.0
XO,Vic,2026-04-21,0.0
XP,Gandesa,2026-04-21,0.0
XQ,Tremp,2026-04-21,3.0
XR,Prades,2026-04-21,0.0
XS,Santa Coloma de Farners,2026-04-21,0.1
XT,Solsona,2026-04-21,0.0
XU,Canyelles,2026-04-21,0.0
XV,Sant Cugat del Vallès - CAR,2026-04-21,0.0
XX,Anglesola - Tornabous,2026-04-21,0.0
XY,Alcarràs,2026-04-21,0.0
XZ,Torroella de Fluvià,2026-04-21,0.2
Y4,Alinyà,2026-04-21,0.0
Y5,Navata,2026-04-21,0.0
Y6,Tivissa,2026-04-21,0.0
YA,Puigcerdà,2026-04-21,1.2
YB,Olot,2026-04-21,0.4
YC,la Pobla de Segur,2026-04-21,1.7
YD,les Borges Blanques,2026-04-21,0.0
YE,Massoteres,2026-04-21,0.0
YF,Miami Platja,2026-04-21,0.0
YG,Tírvia,2026-04-21,0.0
YH,Pujalt,2026-04-21,0.0
YJ,Lleida - la Femosa,2026-04-21,0.0
YK,Terrassa,2026-04-21,0.0
YL,Riudecanyes,2026-04-21,0.0
YM,Granollers,2026-04-21,0.0
YN,Vielha - Elipòrt,2026-04-21,0.0
YO,Sant Sadurní d'Anoia,2026-04-21,0.0
YP,Palafrugell,2026-04-21,0.0
YQ,Port de Barcelona - ZAL Prat,2026-04-21,0.0
YR,Vilanova i la Geltrú,2026-04-21,0.0
YS,Cabanes,2026-04-21,0.1
YT,Bonabé (1.691 m),2026-04-21,0.0
YU,Cantonigròs,2026-04-21,0.0
YV,Mataró,2026-04-21,0.0
YX,Batea,2026-04-21,0.0
YY,Viladecans - les Filipines,2026-04-21,0.0
Z1,Bonaigua (2.262 m),2026-04-21,0.0
Z2,Boí (2.537 m),2026-04-21,6.2
Z3,Malniu (2.229 m),2026-04-21,6.1
Z5,Certascan (2.398 m),2026-04-21,5.7
Z6,Sasseuva (2.226 m),2026-04-21,0.0
Z7,Espot (2.519 m),2026-04-21,0.0
Z9,Cadí Nord (2.145 m) - Prat d'Aguiló,2026-04-21,8.9
ZB,Salòria (2.451 m),2026-04-21,0.0
ZC,Ulldeter (2.413 m),2026-04-21,0.0
ZE,el Port del Comte (2.288 m),2026-04-21,0.0
C6,Castellnou de Seana,2026-04-22,0.0
C7,Tàrrega,2026-04-22,0.0
C8,Cervera,2026-04-22,0.0
C9,Mas de Barberans,2026-04-22,0.8
CC,Orís,2026-04-22,5.7
CD,la Seu d'Urgell - Bellestar,2026-04-22,0.0
CE,els Hostalets de Pierola,2026-04-22,0.0
CG,Molló - Fabert,2026-04-22,0.1
CI,Sant Pau de Segúries,2026-04-22,30.6
CJ,Organyà,2026-04-22,0.0
CL,Sant Salvador de Guardiola,2026-04-22,0.0
CP,Sant Romà d'Abella,2026-04-22,0.0
CQ,Vilanova de Meià,2026-04-22,0.0
CR,la Quar,2026-04-22,0.7
CT,el Pont de Suert,2026-04-22,0.0
CW,l'Espluga de Francolí,2026-04-22,0.0
CY,Muntanyola,2026-04-22,0.0
D1,Margalef,2026-04-22,0.0
D2,Vacarisses,2026-04-22,0.0
D3,Vallirana,2026-04-22,0.0
D4,Roses,2026-04-22,0.0
D5,Barcelona - Observatori Fabra,2026-04-22,0.0
D6,Portbou - coll dels Belitres,2026-04-22,0.3
D7,Vinebre,2026-04-22,0.0
D8,Horta de Sant Joan,2026-04-22,0.1
D9,el Vendrell,2026-04-22,0.0
DB,el Perelló,2026-04-22,0.1
DF,la Bisbal d'Empordà,2026-04-22,0.9
DG,Núria (1.971 m),2026-04-22,0.2
DI,Font-rubí,2026-04-22,0.0
DJ,Banyoles,2026-04-22,1.8
DK,Torredembarra,2026-04-22,0.0
DL,Illa de Buda,2026-04-22,0.1
DN,Anglès,2026-04-22,4.5
DO,Castell d'Aro,2026-04-22,0.4
DP,Das - Aeròdrom,2026-04-22,2.4
DQ,Vila-rodona,2026-04-22,0.0
H1,Òdena,2026-04-22,0.0
J5,Pantà de Darnius - Boadella,2026-04-22,0.6
KE,Pantà de Sau,2026-04-22,7.2
KP,Fogars de la Selva,2026-04-22,0.0
KX,la Roca del Vallès - ETAP Cardedeu,2026-04-22,0.0
M6,Sant Joan de les Abadesses,2026-04-22,17.3
MQ,Cardona,2026-04-22,0.0
MR,Pantà de Siurana,2026-04-22,0.0
MS,Castellar de n'Hug - el Clot del Moro,2026-04-22,1.0
MV,Guixers - Valls,2026-04-22,0.0
MW,Navès,2026-04-22,0.0
U2,Sant Pere Pescador,2026-04-22,0.3
U3,Sant Martí Sarroca,2026-04-22,0.0
U4,Castellnou de Bages,2026-04-22,0.0
U6,Vinyols i els Arcs - Cambrils,2026-04-22,0.0
U7,Aldover,2026-04-22,0.3
U9,l'Aldea,2026-04-22,0.2
UA,l'Ametlla de Mar,2026-04-22,0.2
UB,la Tallada d'Empordà,2026-04-22,0.4
UE,Torroella de Montgrí,2026-04-22,0.1
UF,PN del Garraf - el Rascler,2026-04-22,0.0
UH,el Montmell,2026-04-22,0.0
UI,Gisclareny,2026-04-22,0.0
UJ,Santa Coloma de Queralt,2026-04-22,0.0
UK,Sant Pere de Ribes - PN del Garraf,2026-04-22,0.0
UM,la Granadella,2026-04-22,0.0
UN,Cassà de la Selva,2026-04-22,0.9
UO,Fornells de la Selva,2026-04-22,1.0
UP,Cabrils,2026-04-22,0.0
UQ,Dosrius - PN Montnegre Corredor,2026-04-22,0.0
US,les Cases d'Alcanar,2026-04-22,1.9
UU,Amposta,2026-04-22,0.6
UW,els Alfacs,2026-04-22,0.5
UX,Ulldecona - els Valentins,2026-04-22,1.0
UY,Os de Balaguer - el Monestir d'Avellanes,2026-04-22,0.0
V1,Vallfogona de Balaguer,2026-04-22,0.0
V4,Montesquiu,2026-04-22,3.0
V5,Perafita,2026-04-22,1.9
V8,el Poal,2026-04-22,0.0
VA,Ascó,2026-04-22,0.0
VB,Benissanet,2026-04-22,0.0
VC,Pantà de Riba-roja,2026-04-22,0.0
VD,el Canós,2026-04-22,0.0
VH,Gimenells,2026-04-22,0.0
VK,Raimat,2026-04-22,0.0
VM,Vilanova de Segrià,2026-04-22,0.0
VO,Lladurs,2026-04-22,0.4
VP,Pinós,2026-04-22,0.0
VQ,Constantí,2026-04-22,0.0
VS,Lac Redon (2.245 m),2026-04-22,0.0
VU,Rellinars,2026-04-22,0.0
VV,Sant Llorenç Savall,2026-04-22,0.0
VX,Tagamanent - PN del Montseny,2026-04-22,0.0
VY,Nulles,2026-04-22,0.0
VZ,Espolla,2026-04-22,0.0
W1,Castelló d'Empúries,2026-04-22,0.0
W4,Vilafranca del Penedès - la Granada,2026-04-22,0.0
W5,Oliana,2026-04-22,0.1
W8,Blancafort,2026-04-22,0.0
W9,la Vall d'en Bas,2026-04-22,16.6
WA,Oliola,2026-04-22,0.0
WB,Albesa,2026-04-22,0.0
WC,Golmés,2026-04-22,0.0
WG,Algerri,2026-04-22,0.0
WI,Maials,2026-04-22,0.0
WJ,el Masroig,2026-04-22,0.0
WK,Alfarràs,2026-04-22,0.0
WL,Sant Martí de Riucorb,2026-04-22,0.0
WM,Santuari de Queralt,2026-04-22,0.0
WN,Montserrat - Sant Dimes,2026-04-22,0.0
WO,la Bisbal del Penedès,2026-04-22,0.0
WP,Canaletes,2026-04-22,0.0
WQ,Montsec d'Ares (1.571 m),2026-04-22,0.0
WR,Torroja del Priorat,2026-04-22,0.0
WS,Viladrau,2026-04-22,0.6
WT,Malgrat de Mar,2026-04-22,0.0
WU,Badalona - Museu,2026-04-22,0.0
WV,Guardiola de Berguedà,2026-04-22,0.2
WW,Artés,2026-04-22,0.0
WX,Camarasa,2026-04-22,0.0
WZ,Cunit,2026-04-22,0.0
X1,Falset,2026-04-22,0.0
X3,Alguaire,2026-04-22,0.0
X4,Barcelona - el Raval,2026-04-22,0.0
X5,PN dels Ports,2026-04-22,0.2
X6,Baldomar,2026-04-22,0.0
X7,Torres de Segre,2026-04-22,0.0
X8,Barcelona - Zona Universitària,2026-04-22,0.0
X9,Caldes de Montbui,2026-04-22,0.0
XA,la Panadella,2026-04-22,0.0
XB,la Llacuna,2026-04-22,0.0
XC,Castellbisbal,2026-04-22,0.0
XD,Ulldemolins,2026-04-22,0.0
XE,Tarragona - Complex Educatiu,2026-04-22,0.0
XF,Sabadell - Parc Agrari,2026-04-22,0.0
XG,Parets del Vallès,2026-04-22,0.0
XH,Sort,2026-04-22,0.4
XI,Mollerussa,2026-04-22,0.0
XJ,Girona,2026-04-22,2.2
XK,Puig Sesolles (1.666 m),2026-04-22,0.3
XL,el Prat de Llobregat,2026-04-22,0.0
XM,els Alamús,2026-04-22,0.0
XN,Seròs,2026-04-22,0.0
XO,Vic,2026-04-22,0.7
XP,Gandesa,2026-04-22,0.0
XQ,Tremp,2026-04-22,0.0
XR,Prades,2026-04-22,0.0
XS,Santa Coloma de Farners,2026-04-22,1.5
XT,Solsona,2026-04-22,0.1
XU,Canyelles,2026-04-22,0.0
XV,Sant Cugat del Vallès - CAR,2026-04-22,0.0
XX,Anglesola - Tornabous,2026-04-22,0.0
XY,Alcarràs,2026-04-22,0.0
XZ,Torroella de Fluvià,2026-04-22,0.0
Y4,Alinyà,2026-04-22,0.0
Y5,Navata,2026-04-22,0.1
Y6,Tivissa,2026-04-22,0.0
YA,Puigcerdà,2026-04-22,1.9
YB,Olot,2026-04-22,19.1
YC,la Pobla de Segur,2026-04-22,0.0
YD,les Borges Blanques,2026-04-22,0.0
YE,Massoteres,2026-04-22,0.0
YF,Miami Platja,2026-04-22,0.0
YG,Tírvia,2026-04-22,0.8
YH,Pujalt,2026-04-22,0.0
YJ,Lleida - la Femosa,2026-04-22,0.0
YK,Terrassa,2026-04-22,0.0
YL,Riudecanyes,2026-04-22,0.0
YM,Granollers,2026-04-22,0.0
YN,Vielha - Elipòrt,2026-04-22,0.0
YO,Sant Sadurní d'Anoia,2026-04-22,0.0
YP,Palafrugell,2026-04-22,1.9
YQ,Port de Barcelona - ZAL Prat,2026-04-22,0.0
YR,Vilanova i la Geltrú,2026-04-22,0.0
YS,Cabanes,2026-04-22,0.1
YT,Bonabé (1.691 m),2026-04-22,0.0
YU,Cantonigròs,2026-04-22,4.5
YV,Mataró,2026-04-22,0.0
YX,Batea,2026-04-22,0.0
YY,Viladecans - les Filipines,2026-04-22,0.0
Z1,Bonaigua (2.262 m),2026-04-22,0.0
Z2,Boí (2.537 m),2026-04-22,0.4
Z3,Malniu (2.229 m),2026-04-22,0.9
Z5,Certascan (2.398 m),2026-04-22,0.0
Z6,Sasseuva (2.226 m),2026-04-22,0.3
Z7,Espot (2.519 m),2026-04-22,0.7
Z9,Cadí Nord (2.145 m) - Prat d'Aguiló,2026-04-22,0.8
ZB,Salòria (2.451 m),2026-04-22,4.5
ZC,Ulldeter (2.413 m),2026-04-22,1.8
ZE,el Port del Comte (2.288 m),2026-04-22,0.0
C6,Castellnou de Seana,2026-04-23,0.0
C7,Tàrrega,2026-04-23,0.0
C8,Cervera,2026-04-23,0.0
C9,Mas de Barberans,2026-04-23,0.0
CC,Orís,2026-04-23,0.0
CD,la Seu d'Urgell - Bellestar,2026-04-23,0.0
CE,els Hostalets de Pierola,2026-04-23,0.0
CG,Molló - Fabert,2026-04-23,0.0
CI,Sant Pau de Segúries,2026-04-23,0.3
CJ,Organyà,2026-04-23,0.0
CL,Sant Salvador de Guardiola,2026-04-23,0.0
CP,Sant Romà d'Abella,2026-04-23,0.0
CQ,Vilanova de Meià,2026-04-23,0.0
CR,la Quar,2026-04-23,0.0
CT,el Pont de Suert,2026-04-23,0.0
CW,l'Espluga de Francolí,2026-04-23,0.0
CY,Muntanyola,2026-04-23,0.0
D1,Margalef,2026-04-23,0.0
D2,Vacarisses,2026-04-23,0.0
D3,Vallirana,2026-04-23,0.0
D4,Roses,2026-04-23,0.0
D5,Barcelona - Observatori Fabra,2026-04-23,0.0
D6,Portbou - coll dels Belitres,2026-04-23,0.1
D7,Vinebre,2026-04-23,0.0
D8,Horta de Sant Joan,2026-04-23,0.0
D9,el Vendrell,2026-04-23,0.0
DB,el Perelló,2026-04-23,0.0
DF,la Bisbal d'Empordà,2026-04-23,0.0
DG,Núria (1.971 m),2026-04-23,2.5
DI,Font-rubí,2026-04-23,0.0
DJ,Banyoles,2026-04-23,0.1
DK,Torredembarra,2026-04-23,0.0
DL,Illa de Buda,2026-04-23,0.0
DN,Anglès,2026-04-23,0.1
DO,Castell d'Aro,2026-04-23,0.0
DP,Das - Aeròdrom,2026-04-23,0.1
DQ,Vila-rodona,2026-04-23,0.0
H1,Òdena,2026-04-23,0.0
J5,Pantà de Darnius - Boadella,2026-04-23,0.0
KE,Pantà de Sau,2026-04-23,0.1
KP,Fogars de la Selva,2026-04-23,0.0
KX,la Roca del Vallès - ETAP Cardedeu,2026-04-23,0.0
M6,Sant Joan de les Abadesses,2026-04-23,0.0
MQ,Cardona,2026-04-23,0.0
MR,Pantà de Siurana,2026-04-23,0.0
MS,Castellar de n'Hug - el Clot del Moro,2026-04-23,0.0
MV,Guixers - Valls,2026-04-23,0.0
MW,Navès,2026-04-23,0.0
U2,Sant Pere Pescador,2026-04-23,0.0
U3,Sant Martí Sarroca,2026-04-23,0.0
U4,Castellnou de Bages,2026-04-23,0.0
U6,Vinyols i els Arcs - Cambrils,2026-04-23,0.0
U7,Aldover,2026-04-23,0.0
U9,l'Aldea,2026-04-23,0.0
UA,l'Ametlla de Mar,2026-04-23,0.0
UB,la Tallada d'Empordà,2026-04-23,0.0
UE,Torroella de Montgrí,2026-04-23,0.0
UF,PN del Garraf - el Rascler,2026-04-23,0.0
UH,el Montmell,2026-04-23,0.0
UI,Gisclareny,2026-04-23,0.1
UJ,Santa Coloma de Queralt,2026-04-23,0.0
UK,Sant Pere de Ribes - PN del Garraf,2026-04-23,0.0
UM,la Granadella,2026-04-23,0.0
UN,Cassà de la Selva,2026-04-23,0.0
UO,Fornells de la Selva,2026-04-23,0.0
UP,Cabrils,2026-04-23,0.0
UQ,Dosrius - PN Montnegre Corredor,2026-04-23,0.0
US,les Cases d'Alcanar,2026-04-23,0.0
UU,Amposta,2026-04-23,0.0
UW,els Alfacs,2026-04-23,0.0
UX,Ulldecona - els Valentins,2026-04-23,0.0
UY,Os de Balaguer - el Monestir d'Avellanes,2026-04-23,0.0
V1,Vallfogona de Balaguer,2026-04-23,0.0
V4,Montesquiu,2026-04-23,0.0
V5,Perafita,2026-04-23,0.0
V8,el Poal,2026-04-23,0.0
VA,Ascó,2026-04-23,0.0
VB,Benissanet,2026-04-23,0.0
VC,Pantà de Riba-roja,2026-04-23,0.0
VD,el Canós,2026-04-23,0.0
VH,Gimenells,2026-04-23,0.0
VK,Raimat,2026-04-23,0.0
VM,Vilanova de Segrià,2026-04-23,0.0
VO,Lladurs,2026-04-23,0.0
VP,Pinós,2026-04-23,0.0
VQ,Constantí,2026-04-23,0.0
VS,Lac Redon (2.245 m),2026-04-23,0.0
VU,Rellinars,2026-04-23,0.0
VV,Sant Llorenç Savall,2026-04-23,0.0
VX,Tagamanent - PN del Montseny,2026-04-23,0.0
VY,Nulles,2026-04-23,0.0
VZ,Espolla,2026-04-23,0.4
W1,Castelló d'Empúries,2026-04-23,0.0
W4,Vilafranca del Penedès - la Granada,2026-04-23,0.0
W5,Oliana,2026-04-23,0.0
W8,Blancafort,2026-04-23,0.0
W9,la Vall d'en Bas,2026-04-23,0.0
WA,Oliola,2026-04-23,0.0
WB,Albesa,2026-04-23,0.0
WC,Golmés,2026-04-23,0.0
WG,Algerri,2026-04-23,0.0
WI,Maials,2026-04-23,0.0
WJ,el Masroig,2026-04-23,0.0
WK,Alfarràs,2026-04-23,0.0
WL,Sant Martí de Riucorb,2026-04-23,0.0
WM,Santuari de Queralt,2026-04-23,0.0
WN,Montserrat - Sant Dimes,2026-04-23,0.0
WO,la Bisbal del Penedès,2026-04-23,0.0
WP,Canaletes,2026-04-23,0.0
WQ,Montsec d'Ares (1.571 m),2026-04-23,0.0
WR,Torroja del Priorat,2026-04-23,0.0
WS,Viladrau,2026-04-23,0.2
WT,Malgrat de Mar,2026-04-23,0.0
WU,Badalona - Museu,2026-04-23,0.0
WV,Guardiola de Berguedà,2026-04-23,0.0
WW,Artés,2026-04-23,0.0
WX,Camarasa,2026-04-23,0.0
WZ,Cunit,2026-04-23,0.0
X1,Falset,2026-04-23,0.0
X3,Alguaire,2026-04-23,0.0
X4,Barcelona - el Raval,2026-04-23,0.0
X5,PN dels Ports,2026-04-23,0.1
X6,Baldomar,2026-04-23,0.0
X7,Torres de Segre,2026-04-23,0.0
X8,Barcelona - Zona Universitària,2026-04-23,0.0
X9,Caldes de Montbui,2026-04-23,0.0
XA,la Panadella,2026-04-23,0.0
XB,la Llacuna,2026-04-23,0.0
XC,Castellbisbal,2026-04-23,0.0
XD,Ulldemolins,2026-04-23,0.0
XE,Tarragona - Complex Educatiu,2026-04-23,0.0
XF,Sabadell - Parc Agrari,2026-04-23,0.0
XG,Parets del Vallès,2026-04-23,0.0
XH,Sort,2026-04-23,0.0
XI,Mollerussa,2026-04-23,0.0
XJ,Girona,2026-04-23,0.1
XK,Puig Sesolles (1.666 m),2026-04-23,0.0
XL,el Prat de Llobregat,2026-04-23,0.0
XM,els Alamús,2026-04-23,0.0
XN,Seròs,2026-04-23,0.0
XO,Vic,2026-04-23,0.0
XP,Gandesa,2026-04-23,0.0
XQ,Tremp,2026-04-23,0.0
XR,Prades,2026-04-23,0.0
XS,Santa Coloma de Farners,2026-04-23,0.0
XT,Solsona,2026-04-23,0.0
XU,Canyelles,2026-04-23,0.0
XV,Sant Cugat del Vallès - CAR,2026-04-23,0.0
XX,Anglesola - Tornabous,2026-04-23,0.0
XY,Alcarràs,2026-04-23,0.0
XZ,Torroella de Fluvià,2026-04-23,0.0
Y4,Alinyà,2026-04-23,0.0
Y5,Navata,2026-04-23,0.0
Y6,Tivissa,2026-04-23,0.0
YA,Puigcerdà,2026-04-23,4.2
YB,Olot,2026-04-23,0.1
YC,la Pobla de Segur,2026-04-23,0.0
YD,les Borges Blanques,2026-04-23,0.0
YE,Massoteres,2026-04-23,0.0
YF,Miami Platja,2026-04-23,0.0
YG,Tírvia,2026-04-23,0.1
YH,Pujalt,2026-04-23,0.0
YJ,Lleida - la Femosa,2026-04-23,0.0
YK,Terrassa,2026-04-23,0.0
YL,Riudecanyes,2026-04-23,0.0
YM,Granollers,2026-04-23,0.0
YN,Vielha - Elipòrt,2026-04-23,0.0
YO,Sant Sadurní d'Anoia,2026-04-23,0.0
YP,Palafrugell,2026-04-23,0.1
YQ,Port de Barcelona - ZAL Prat,2026-04-23,0.0
YR,Vilanova i la Geltrú,2026-04-23,0.0
YS,Cabanes,2026-04-23,0.0
YT,Bonabé (1.691 m),2026-04-23,0.0
YU,Cantonigròs,2026-04-23,0.1
YV,Mataró,2026-04-23,0.0
YX,Batea,2026-04-23,0.0
YY,Viladecans - les Filipines,2026-04-23,0.0
Z1,Bonaigua (2.262 m),2026-04-23,0.0
Z2,Boí (2.537 m),2026-04-23,0.0
Z3,Malniu (2.229 m),2026-04-23,0.0
Z5,Certascan (2.398 m),2026-04-23,2.9
Z6,Sasseuva (2.226 m),2026-04-23,0.0
Z7,Espot (2.519 m),2026-04-23,0.0
Z9,Cadí Nord (2.145 m) - Prat d'Aguiló,2026-04-23,0.0
ZB,Salòria (2.451 m),2026-04-23,0.0
ZC,Ulldeter (2.413 m),2026-04-23,0.0
ZE,el Port del Comte (2.288 m),2026-04-23,0.0
C6,Castellnou de Seana,2026-04-24,0.0
C7,Tàrrega,2026-04-24,0.0
C8,Cervera,2026-04-24,0.0
C9,Mas de Barberans,2026-04-24,0.4
CC,Orís,2026-04-24,0.0
CD,la Seu d'Urgell - Bellestar,2026-04-24,0.0
CE,els Hostalets de Pierola,2026-04-24,0.0
CG,Molló - Fabert,2026-04-24,0.0
CI,Sant Pau de Segúries,2026-04-24,0.0
CJ,Organyà,2026-04-24,0.0
CL,Sant Salvador de Guardiola,2026-04-24,0.0
CP,Sant Romà d'Abella,2026-04-24,0.0
CQ,Vilanova de Meià,2026-04-24,0.0
CR,la Quar,2026-04-24,0.0
CT,el Pont de Suert,2026-04-24,0.0
CW,l'Espluga de Francolí,2026-04-24,0.0
CY,Muntanyola,2026-04-24,0.0
D1,Margalef,2026-04-24,0.0
D2,Vacarisses,2026-04-24,0.2
D3,Vallirana,2026-04-24,0.0
D4,Roses,2026-04-24,0.0
D5,Barcelona - Observatori Fabra,2026-04-24,0.0
D6,Portbou - coll dels Belitres,2026-04-24,0.0
D7,Vinebre,2026-04-24,0.0
D8,Horta de Sant Joan,2026-04-24,0.0
D9,el Vendrell,2026-04-24,0.0
DB,el Perelló,2026-04-24,0.0
DF,la Bisbal d'Empordà,2026-04-24,0.0
DG,Núria (1.971 m),2026-04-24,0.0
DI,Font-rubí,2026-04-24,0.0
DJ,Banyoles,2026-04-24,0.0
DK,Torredembarra,2026-04-24,0.0
DL,Illa de Buda,2026-04-24,0.0
DN,Anglès,2026-04-24,0.0
DO,Castell d'Aro,2026-04-24,0.0
DP,Das - Aeròdrom,2026-04-24,0.0
DQ,Vila-rodona,2026-04-24,0.0
H1,Òdena,2026-04-24,0.0
J5,Pantà de Darnius - Boadella,2026-04-24,0.0
KE,Pantà de Sau,2026-04-24,0.0
KP,Fogars de la Selva,2026-04-24,0.0
KX,la Roca del Vallès - ETAP Cardedeu,2026-04-24,0.0
M6,Sant Joan de les Abadesses,2026-04-24,0.0
MQ,Cardona,2026-04-24,0.0
MR,Pantà de Siurana,2026-04-24,0.0
MS,Castellar de n'Hug - el Clot del Moro,2026-04-24,0.0
MV,Guixers - Valls,2026-04-24,0.0
MW,Navès,2026-04-24,0.0
U2,Sant Pere Pescador,2026-04-24,0.0
U3,Sant Martí Sarroca,2026-04-24,0.0
U4,Castellnou de Bages,2026-04-24,0.0
U6,Vinyols i els Arcs - Cambrils,2026-04-24,0.0
U7,Aldover,2026-04-24,0.0
U9,l'Aldea,2026-04-24,0.1
UA,l'Ametlla de Mar,2026-04-24,0.0
UB,la Tallada d'Empordà,2026-04-24,0.0
UE,Torroella de Montgrí,2026-04-24,0.0
UF,PN del Garraf - el Rascler,2026-04-24,0.0
UH,el Montmell,2026-04-24,0.0
UI,Gisclareny,2026-04-24,0.0
UJ,Santa Coloma de Queralt,2026-04-24,0.0
UK,Sant Pere de Ribes - PN del Garraf,2026-04-24,0.0
UM,la Granadella,2026-04-24,0.0
UN,Cassà de la Selva,2026-04-24,0.0
UO,Fornells de la Selva,2026-04-24,0.0
UP,Cabrils,2026-04-24,0.0
UQ,Dosrius - PN Montnegre Corredor,2026-04-24,0.0
US,les Cases d'Alcanar,2026-04-24,0.0
UU,Amposta,2026-04-24,0.0
UW,els Alfacs,2026-04-24,0.0
UX,Ulldecona - els Valentins,2026-04-24,0.0
UY,Os de Balaguer - el Monestir d'Avellanes,2026-04-24,0.0
V1,Vallfogona de Balaguer,2026-04-24,0.0
V4,Montesquiu,2026-04-24,0.0
V5,Perafita,2026-04-24,0.0
V8,el Poal,2026-04-24,0.0
VA,Ascó,2026-04-24,0.0
VB,Benissanet,2026-04-24,0.0
VC,Pantà de Riba-roja,2026-04-24,0.0
VD,el Canós,2026-04-24,0.0
VH,Gimenells,2026-04-24,0.0
VK,Raimat,2026-04-24,0.0
VM,Vilanova de Segrià,2026-04-24,0.0
VO,Lladurs,2026-04-24,0.0
VP,Pinós,2026-04-24,0.0
VQ,Constantí,2026-04-24,0.0
VS,Lac Redon (2.245 m),2026-04-24,0.0
VU,Rellinars,2026-04-24,0.0
VV,Sant Llorenç Savall,2026-04-24,0.0
VX,Tagamanent - PN del Montseny,2026-04-24,0.0
VY,Nulles,2026-04-24,0.0
VZ,Espolla,2026-04-24,0.0
W1,Castelló d'Empúries,2026-04-24,0.0
W4,Vilafranca del Penedès - la Granada,2026-04-24,0.0
W5,Oliana,2026-04-24,0.0
W8,Blancafort,2026-04-24,0.0
W9,la Vall d'en Bas,2026-04-24,0.0
WA,Oliola,2026-04-24,0.0
WB,Albesa,2026-04-24,0.0
WC,Golmés,2026-04-24,0.0
WG,Algerri,2026-04-24,0.0
WI,Maials,2026-04-24,0.0
WJ,el Masroig,2026-04-24,0.0
WK,Alfarràs,2026-04-24,0.0
WL,Sant Martí de Riucorb,2026-04-24,0.0
WM,Santuari de Queralt,2026-04-24,0.0
WN,Montserrat - Sant Dimes,2026-04-24,0.0
WO,la Bisbal del Penedès,2026-04-24,0.0
WP,Canaletes,2026-04-24,0.0
WQ,Montsec d'Ares (1.571 m),2026-04-24,0.0
WR,Torroja del Priorat,2026-04-24,0.0
WS,Viladrau,2026-04-24,0.0
WT,Malgrat de Mar,2026-04-24,0.0
WU,Badalona - Museu,2026-04-24,0.0
WV,Guardiola de Berguedà,2026-04-24,0.1
WW,Artés,2026-04-24,0.0
WX,Camarasa,2026-04-24,0.0
WZ,Cunit,2026-04-24,0.0
X1,Falset,2026-04-24,0.0
X3,Alguaire,2026-04-24,0.0
X4,Barcelona - el Raval,2026-04-24,0.0
X5,PN dels Ports,2026-04-24,0.6
X6,Baldomar,2026-04-24,0.0
X7,Torres de Segre,2026-04-24,0.0
X8,Barcelona - Zona Universitària,2026-04-24,0.0
X9,Caldes de Montbui,2026-04-24,0.0
XA,la Panadella,2026-04-24,0.1
XB,la Llacuna,2026-04-24,0.0
XC,Castellbisbal,2026-04-24,0.0
XD,Ulldemolins,2026-04-24,0.0
XE,Tarragona - Complex Educatiu,2026-04-24,0.0
XF,Sabadell - Parc Agrari,2026-04-24,0.0
XG,Parets del Vallès,2026-04-24,0.0
XH,Sort,2026-04-24,0.0
XI,Mollerussa,2026-04-24,0.0
XJ,Girona,2026-04-24,0.0
XK,Puig Sesolles (1.666 m),2026-04-24,0.0
XL,el Prat de Llobregat,2026-04-24,0.0
XM,els Alamús,2026-04-24,0.0
XN,Seròs,2026-04-24,0.0
XO,Vic,2026-04-24,0.0
XP,Gandesa,2026-04-24,0.0
XQ,Tremp,2026-04-24,0.0
XR,Prades,2026-04-24,0.0
XS,Santa Coloma de Farners,2026-04-24,0.0
XT,Solsona,2026-04-24,0.0
XU,Canyelles,2026-04-24,0.0
XV,Sant Cugat del Vallès - CAR,2026-04-24,0.0
XX,Anglesola - Tornabous,2026-04-24,0.0
XY,Alcarràs,2026-04-24,0.0
XZ,Torroella de Fluvià,2026-04-24,0.0
Y4,Alinyà,2026-04-24,0.0
Y5,Navata,2026-04-24,0.0
Y6,Tivissa,2026-04-24,0.0
YA,Puigcerdà,2026-04-24,0.0
YB,Olot,2026-04-24,0.0
YC,la Pobla de Segur,2026-04-24,0.0
YD,les Borges Blanques,2026-04-24,0.0
YE,Massoteres,2026-04-24,0.0
YF,Miami Platja,2026-04-24,0.0
YG,Tírvia,2026-04-24,0.0
YH,Pujalt,2026-04-24,0.0
YJ,Lleida - la Femosa,2026-04-24,0.0
YK,Terrassa,2026-04-24,0.0
YL,Riudecanyes,2026-04-24,0.0
YM,Granollers,2026-04-24,0.0
YN,Vielha - Elipòrt,2026-04-24,0.0
YO,Sant Sadurní d'Anoia,2026-04-24,0.0
YP,Palafrugell,2026-04-24,0.0
YQ,Port de Barcelona - ZAL Prat,2026-04-24,0.0
YR,Vilanova i la Geltrú,2026-04-24,0.0
YS,Cabanes,2026-04-24,0.0
YT,Bonabé (1.691 m),2026-04-24,0.0
YU,Cantonigròs,2026-04-24,0.0
YV,Mataró,2026-04-24,0.0
YX,Batea,2026-04-24,0.0
YY,Viladecans - les Filipines,2026-04-24,0.0
Z1,Bonaigua (2.262 m),2026-04-24,1.4
Z2,Boí (2.537 m),2026-04-24,0.0
Z3,Malniu (2.229 m),2026-04-24,0.4
Z5,Certascan (2.398 m),2026-04-24,0.0
Z6,Sasseuva (2.226 m),2026-04-24,0.0
Z7,Espot (2.519 m),2026-04-24,0.0
Z9,Cadí Nord (2.145 m) - Prat d'Aguiló,2026-04-24,0.0
ZB,Salòria (2.451 m),2026-04-24,7.2
ZC,Ulldeter (2.413 m),2026-04-24,0.0
ZE,el Port del Comte (2.288 m),2026-04-24,0.0
C6,Castellnou de Seana,2026-04-25,0.0
C7,Tàrrega,2026-04-25,0.0
C8,Cervera,2026-04-25,0.0
C9,Mas de Barberans,2026-04-25,0.0
CC,Orís,2026-04-25,0.0
CD,la Seu d'Urgell - Bellestar,2026-04-25,3.1
CE,els Hostalets de Pierola,2026-04-25,0.0
CG,Molló - Fabert,2026-04-25,0.0
CI,Sant Pau de Segúries,2026-04-25,0.0
CJ,Organyà,2026-04-25,1.0
CL,Sant Salvador de Guardiola,2026-04-25,0.0
CP,Sant Romà d'Abella,2026-04-25,0.0
CQ,Vilanova de Meià,2026-04-25,0.0
CR,la Quar,2026-04-25,0.1
CT,el Pont de Suert,2026-04-25,2.3
CW,l'Espluga de Francolí,2026-04-25,0.0
CY,Muntanyola,2026-04-25,0.0
D1,Margalef,2026-04-25,0.0
D2,Vacarisses,2026-04-25,0.0
D3,Vallirana,2026-04-25,0.0
D4,Roses,2026-04-25,0.0
D5,Barcelona - Observatori Fabra,2026-04-25,0.0
D6,Portbou - coll dels Belitres,2026-04-25,0.0
D7,Vinebre,2026-04-25,0.0
D8,Horta de Sant Joan,2026-04-25,0.0
D9,el Vendrell,2026-04-25,0.0
DB,el Perelló,2026-04-25,0.0
DF,la Bisbal d'Empordà,2026-04-25,0.0
DG,Núria (1.971 m),2026-04-25,0.1
DI,Font-rubí,2026-04-25,0.0
DJ,Banyoles,2026-04-25,0.0
DK,Torredembarra,2026-04-25,0.0
DL,Illa de Buda,2026-04-25,0.0
DN,Anglès,2026-04-25,0.0
DO,Castell d'Aro,2026-04-25,0.0
DP,Das - Aeròdrom,2026-04-25,0.0
DQ,Vila-rodona,2026-04-25,0.0
H1,Òdena,2026-04-25,0.0
J5,Pantà de Darnius - Boadella,2026-04-25,0.0
KE,Pantà de Sau,2026-04-25,0.0
KP,Fogars de la Selva,2026-04-25,0.0
KX,la Roca del Vallès - ETAP Cardedeu,2026-04-25,0.0
M6,Sant Joan de les Abadesses,2026-04-25,0.1
MQ,Cardona,2026-04-25,0.0
MR,Pantà de Siurana,2026-04-25,0.0
MS,Castellar de n'Hug - el Clot del Moro,2026-04-25,0.0
MV,Guixers - Valls,2026-04-25,0.7
MW,Navès,2026-04-25,0.0
U2,Sant Pere Pescador,2026-04-25,0.0
U3,Sant Martí Sarroca,2026-04-25,0.0
U4,Castellnou de Bages,2026-04-25,0.0
U6,Vinyols i els Arcs - Cambrils,2026-04-25,0.0
U7,Aldover,2026-04-25,0.0
U9,l'Aldea,2026-04-25,0.0
UA,l'Ametlla de Mar,2026-04-25,0.0
UB,la Tallada d'Empordà,2026-04-25,0.0
UE,Torroella de Montgrí,2026-04-25,0.0
UF,PN del Garraf - el Rascler,2026-04-25,0.0
UH,el Montmell,2026-04-25,0.0
UI,Gisclareny,2026-04-25,8.7
UJ,Santa Coloma de Queralt,2026-04-25,0.0
UK,Sant Pere de Ribes - PN del Garraf,2026-04-25,0.0
UM,la Granadella,2026-04-25,0.0
UN,Cassà de la Selva,2026-04-25,0.0
UO,Fornells de la Selva,2026-04-25,0.0
UP,Cabrils,2026-04-25,0.0
UQ,Dosrius - PN Montnegre Corredor,2026-04-25,0.0
US,les Cases d'Alcanar,2026-04-25,0.0
UU,Amposta,2026-04-25,0.0
UW,els Alfacs,2026-04-25,0.0
UX,Ulldecona - els Valentins,2026-04-25,0.0
UY,Os de Balaguer - el Monestir d'Avellanes,2026-04-25,0.0
V1,Vallfogona de Balaguer,2026-04-25,0.0
V4,Montesquiu,2026-04-25,0.0
V5,Perafita,2026-04-25,2.4
V8,el Poal,2026-04-25,0.0
VA,Ascó,2026-04-25,0.0
VB,Benissanet,2026-04-25,0.0
VC,Pantà de Riba-roja,2026-04-25,0.0
VD,el Canós,2026-04-25,0.0
VH,Gimenells,2026-04-25,0.0
VK,Raimat,2026-04-25,0.0
VM,Vilanova de Segrià,2026-04-25,0.0
VO,Lladurs,2026-04-25,2.1
VP,Pinós,2026-04-25,0.0
VQ,Constantí,2026-04-25,0.0
VS,Lac Redon (2.245 m),2026-04-25,0.0
VU,Rellinars,2026-04-25,0.0
VV,Sant Llorenç Savall,2026-04-25,0.0
VX,Tagamanent - PN del Montseny,2026-04-25,0.0
VY,Nulles,2026-04-25,0.0
VZ,Espolla,2026-04-25,0.0
W1,Castelló d'Empúries,2026-04-25,0.0
W4,Vilafranca del Penedès - la Granada,2026-04-25,0.0
W5,Oliana,2026-04-25,0.0
W8,Blancafort,2026-04-25,0.0
W9,la Vall d'en Bas,2026-04-25,0.0
WA,Oliola,2026-04-25,0.0
WB,Albesa,2026-04-25,0.0
WC,Golmés,2026-04-25,0.0
WG,Algerri,2026-04-25,0.0
WI,Maials,2026-04-25,0.0
WJ,el Masroig,2026-04-25,0.0
WK,Alfarràs,2026-04-25,0.0
WL,Sant Martí de Riucorb,2026-04-25,0.0
WM,Santuari de Queralt,2026-04-25,0.0
WN,Montserrat - Sant Dimes,2026-04-25,0.0
WO,la Bisbal del Penedès,2026-04-25,0.0
WP,Canaletes,2026-04-25,0.0
WQ,Montsec d'Ares (1.571 m),2026-04-25,0.0
WR,Torroja del Priorat,2026-04-25,0.0
WS,Viladrau,2026-04-25,0.0
WT,Malgrat de Mar,2026-04-25,0.0
WU,Badalona - Museu,2026-04-25,0.0
WV,Guardiola de Berguedà,2026-04-25,0.0
WW,Artés,2026-04-25,0.0
WX,Camarasa,2026-04-25,0.0
WZ,Cunit,2026-04-25,0.0
X1,Falset,2026-04-25,0.0
X3,Alguaire,2026-04-25,0.0
X4,Barcelona - el Raval,2026-04-25,0.0
X5,PN dels Ports,2026-04-25,0.0
X6,Baldomar,2026-04-25,0.0
X7,Torres de Segre,2026-04-25,0.0
X8,Barcelona - Zona Universitària,2026-04-25,0.0
X9,Caldes de Montbui,2026-04-25,0.0
XA,la Panadella,2026-04-25,0.0
XB,la Llacuna,2026-04-25,0.0
XC,Castellbisbal,2026-04-25,0.0
XD,Ulldemolins,2026-04-25,0.0
XE,Tarragona - Complex Educatiu,2026-04-25,0.0
XF,Sabadell - Parc Agrari,2026-04-25,0.0
XG,Parets del Vallès,2026-04-25,0.0
XH,Sort,2026-04-25,4.9
XI,Mollerussa,2026-04-25,0.0
XJ,Girona,2026-04-25,0.0
XK,Puig Sesolles (1.666 m),2026-04-25,0.0
XL,el Prat de Llobregat,2026-04-25,0.0
XM,els Alamús,2026-04-25,0.0
XN,Seròs,2026-04-25,0.0
XO,Vic,2026-04-25,0.0
XP,Gandesa,2026-04-25,0.0
XQ,Tremp,2026-04-25,0.3
XR,Prades,2026-04-25,0.0
XS,Santa Coloma de Farners,2026-04-25,0.0
XT,Solsona,2026-04-25,0.0
XU,Canyelles,2026-04-25,0.0
XV,Sant Cugat del Vallès - CAR,2026-04-25,0.0
XX,Anglesola - Tornabous,2026-04-25,0.0
XY,Alcarràs,2026-04-25,0.0
XZ,Torroella de Fluvià,2026-04-25,0.0
Y4,Alinyà,2026-04-25,0.4
Y5,Navata,2026-04-25,0.0
Y6,Tivissa,2026-04-25,0.0
YA,Puigcerdà,2026-04-25,4.2
YB,Olot,2026-04-25,0.0
YC,la Pobla de Segur,2026-04-25,4.9
YD,les Borges Blanques,2026-04-25,0.0
YE,Massoteres,2026-04-25,0.0
YF,Miami Platja,2026-04-25,0.0
YG,Tírvia,2026-04-25,12.2
YH,Pujalt,2026-04-25,0.0
YJ,Lleida - la Femosa,2026-04-25,0.0
YK,Terrassa,2026-04-25,0.0
YL,Riudecanyes,2026-04-25,0.0
YM,Granollers,2026-04-25,0.0
YN,Vielha - Elipòrt,2026-04-25,0.0
YO,Sant Sadurní d'Anoia,2026-04-25,0.0
YP,Palafrugell,2026-04-25,0.1
YQ,Port de Barcelona - ZAL Prat,2026-04-25,0.0
YR,Vilanova i la Geltrú,2026-04-25,0.0
YS,Cabanes,2026-04-25,0.0
YT,Bonabé (1.691 m),2026-04-25,0.0
YU,Cantonigròs,2026-04-25,0.0
YV,Mataró,2026-04-25,0.0
YX,Batea,2026-04-25,0.0
YY,Viladecans - les Filipines,2026-04-25,0.0
Z1,Bonaigua (2.262 m),2026-04-25,12.0
Z2,Boí (2.537 m),2026-04-25,11.5
Z3,Malniu (2.229 m),2026-04-25,0.9
Z5,Certascan (2.398 m),2026-04-25,0.0
Z6,Sasseuva (2.226 m),2026-04-25,0.0
Z7,Espot (2.519 m),2026-04-25,11.7
Z9,Cadí Nord (2.145 m) - Prat d'Aguiló,2026-04-25,14.3
ZB,Salòria (2.451 m),2026-04-25,22.1
ZC,Ulldeter (2.413 m),2026-04-25,0.0
ZE,el Port del Comte (2.288 m),2026-04-25,21.8
C6,Castellnou de Seana,2026-04-26,0.0
C7,Tàrrega,2026-04-26,0.0
C8,Cervera,2026-04-26,0.0
C9,Mas de Barberans,2026-04-26,0.0
CC,Orís,2026-04-26,0.4
CD,la Seu d'Urgell - Bellestar,2026-04-26,1.1
CE,els Hostalets de Pierola,2026-04-26,0.0
CG,Molló - Fabert,2026-04-26,0.0
CI,Sant Pau de Segúries,2026-04-26,3.5
CJ,Organyà,2026-04-26,0.9
CL,Sant Salvador de Guardiola,2026-04-26,0.0
CP,Sant Romà d'Abella,2026-04-26,11.1
CQ,Vilanova de Meià,2026-04-26,3.0
CR,la Quar,2026-04-26,0.0
CT,el Pont de Suert,2026-04-26,0.1
CW,l'Espluga de Francolí,2026-04-26,0.0
CY,Muntanyola,2026-04-26,1.0
D1,Margalef,2026-04-26,0.0
D2,Vacarisses,2026-04-26,0.0
D3,Vallirana,2026-04-26,0.0
D4,Roses,2026-04-26,0.0
D5,Barcelona - Observatori Fabra,2026-04-26,0.0
D6,Portbou - coll dels Belitres,2026-04-26,0.0
D7,Vinebre,2026-04-26,0.0
D8,Horta de Sant Joan,2026-04-26,0.0
D9,el Vendrell,2026-04-26,0.0
DB,el Perelló,2026-04-26,0.0
DF,la Bisbal d'Empordà,2026-04-26,0.0
DG,Núria (1.971 m),2026-04-26,1.6
DI,Font-rubí,2026-04-26,0.0
DJ,Banyoles,2026-04-26,0.0
DK,Torredembarra,2026-04-26,0.0
DL,Illa de Buda,2026-04-26,0.0
DN,Anglès,2026-04-26,0.0
DO,Castell d'Aro,2026-04-26,0.0
DP,Das - Aeròdrom,2026-04-26,3.6
DQ,Vila-rodona,2026-04-26,0.0
H1,Òdena,2026-04-26,0.0
J5,Pantà de Darnius - Boadella,2026-04-26,0.0
KE,Pantà de Sau,2026-04-26,0.0
KP,Fogars de la Selva,2026-04-26,0.0
KX,la Roca del Vallès - ETAP Cardedeu,2026-04-26,0.0
M6,Sant Joan de les Abadesses,2026-04-26,6.7
MQ,Cardona,2026-04-26,7.6
MR,Pantà de Siurana,2026-04-26,0.0
MS,Castellar de n'Hug - el Clot del Moro,2026-04-26,2.4
MV,Guixers - Valls,2026-04-26,0.8
MW,Navès,2026-04-26,0.3
U2,Sant Pere Pescador,2026-04-26,0.0
U3,Sant Martí Sarroca,2026-04-26,0.0
U4,Castellnou de Bages,2026-04-26,4.8
U6,Vinyols i els Arcs - Cambrils,2026-04-26,0.0
U7,Aldover,2026-04-26,0.0
U9,l'Aldea,2026-04-26,0.0
UA,l'Ametlla de Mar,2026-04-26,0.0
UB,la Tallada d'Empordà,2026-04-26,0.0
UE,Torroella de Montgrí,2026-04-26,0.0
UF,PN del Garraf - el Rascler,2026-04-26,0.0
UH,el Montmell,2026-04-26,0.0
UI,Gisclareny,2026-04-26,3.2
UJ,Santa Coloma de Queralt,2026-04-26,0.0
UK,Sant Pere de Ribes - PN del Garraf,2026-04-26,0.0
UM,la Granadella,2026-04-26,0.0
UN,Cassà de la Selva,2026-04-26,0.0
UO,Fornells de la Selva,2026-04-26,0.0
UP,Cabrils,2026-04-26,0.0
UQ,Dosrius - PN Montnegre Corredor,2026-04-26,0.0
US,les Cases d'Alcanar,2026-04-26,0.0
UU,Amposta,2026-04-26,0.0
UW,els Alfacs,2026-04-26,0.0
UX,Ulldecona - els Valentins,2026-04-26,0.0
UY,Os de Balaguer - el Monestir d'Avellanes,2026-04-26,0.0
V1,Vallfogona de Balaguer,2026-04-26,0.0
V4,Montesquiu,2026-04-26,6.6
V5,Perafita,2026-04-26,1.1
V8,el Poal,2026-04-26,0.0
VA,Ascó,2026-04-26,0.0
VB,Benissanet,2026-04-26,0.0
VC,Pantà de Riba-roja,2026-04-26,0.0
VD,el Canós,2026-04-26,0.0
VH,Gimenells,2026-04-26,0.0
VK,Raimat,2026-04-26,0.0
VM,Vilanova de Segrià,2026-04-26,0.0
VO,Lladurs,2026-04-26,18.9
VP,Pinós,2026-04-26,1.6
VQ,Constantí,2026-04-26,0.0
VS,Lac Redon (2.245 m),2026-04-26,0.0
VU,Rellinars,2026-04-26,0.0
VV,Sant Llorenç Savall,2026-04-26,0.0
VX,Tagamanent - PN del Montseny,2026-04-26,0.0
VY,Nulles,2026-04-26,0.0
VZ,Espolla,2026-04-26,0.0
W1,Castelló d'Empúries,2026-04-26,0.0
W4,Vilafranca del Penedès - la Granada,2026-04-26,0.0
W5,Oliana,2026-04-26,0.2
W8,Blancafort,2026-04-26,0.0
W9,la Vall d'en Bas,2026-04-26,0.8
WA,Oliola,2026-04-26,0.0
WB,Albesa,2026-04-26,0.0
WC,Golmés,2026-04-26,0.0
WG,Algerri,2026-04-26,0.0
WI,Maials,2026-04-26,0.0
WJ,el Masroig,2026-04-26,0.0
WK,Alfarràs,2026-04-26,0.0
WL,Sant Martí de Riucorb,2026-04-26,0.0
WM,Santuari de Queralt,2026-04-26,0.0
WN,Montserrat - Sant Dimes,2026-04-26,0.0
WO,la Bisbal del Penedès,2026-04-26,0.0
WP,Canaletes,2026-04-26,0.0
WQ,Montsec d'Ares (1.571 m),2026-04-26,3.0
WR,Torroja del Priorat,2026-04-26,0.0
WS,Viladrau,2026-04-26,3.2
WT,Malgrat de Mar,2026-04-26,0.0
WU,Badalona - Museu,2026-04-26,0.0
WV,Guardiola de Berguedà,2026-04-26,0.4
WW,Artés,2026-04-26,0.5
WX,Camarasa,2026-04-26,0.0
WZ,Cunit,2026-04-26,0.0
X1,Falset,2026-04-26,0.0
X3,Alguaire,2026-04-26,0.0
X4,Barcelona - el Raval,2026-04-26,0.0
X5,PN dels Ports,2026-04-26,0.0
X6,Baldomar,2026-04-26,0.0
X7,Torres de Segre,2026-04-26,0.0
X8,Barcelona - Zona Universitària,2026-04-26,0.0
X9,Caldes de Montbui,2026-04-26,0.0
XA,la Panadella,2026-04-26,0.0
XB,la Llacuna,2026-04-26,0.0
XC,Castellbisbal,2026-04-26,0.0
XD,Ulldemolins,2026-04-26,0.0
XE,Tarragona - Complex Educatiu,2026-04-26,0.0
XF,Sabadell - Parc Agrari,2026-04-26,0.0
XG,Parets del Vallès,2026-04-26,0.0
XH,Sort,2026-04-26,1.4
XI,Mollerussa,2026-04-26,0.0
XJ,Girona,2026-04-26,0.0
XK,Puig Sesolles (1.666 m),2026-04-26,0.0
XL,el Prat de Llobregat,2026-04-26,0.0
XM,els Alamús,2026-04-26,0.0
XN,Seròs,2026-04-26,0.0
XO,Vic,2026-04-26,4.0
XP,Gandesa,2026-04-26,0.0
XQ,Tremp,2026-04-26,0.0
XR,Prades,2026-04-26,0.0
XS,Santa Coloma de Farners,2026-04-26,0.0
XT,Solsona,2026-04-26,1.1
XU,Canyelles,2026-04-26,0.0
XV,Sant Cugat del Vallès - CAR,2026-04-26,0.0
XX,Anglesola - Tornabous,2026-04-26,0.0
XY,Alcarràs,2026-04-26,0.0
XZ,Torroella de Fluvià,2026-04-26,0.0
Y4,Alinyà,2026-04-26,0.0
Y5,Navata,2026-04-26,0.0
Y6,Tivissa,2026-04-26,0.0
YA,Puigcerdà,2026-04-26,1.7
YB,Olot,2026-04-26,0.0
YC,la Pobla de Segur,2026-04-26,2.9
YD,les Borges Blanques,2026-04-26,0.0
YE,Massoteres,2026-04-26,0.0
YF,Miami Platja,2026-04-26,0.0
YG,Tírvia,2026-04-26,0.7
YH,Pujalt,2026-04-26,0.0
YJ,Lleida - la Femosa,2026-04-26,0.0
YK,Terrassa,2026-04-26,0.0
YL,Riudecanyes,2026-04-26,0.0
YM,Granollers,2026-04-26,0.0
YN,Vielha - Elipòrt,2026-04-26,0.0
YO,Sant Sadurní d'Anoia,2026-04-26,0.0
YP,Palafrugell,2026-04-26,0.0
YQ,Port de Barcelona - ZAL Prat,2026-04-26,0.0
YR,Vilanova i la Geltrú,2026-04-26,0.0
YS,Cabanes,2026-04-26,0.0
YT,Bonabé (1.691 m),2026-04-26,0.0
YU,Cantonigròs,2026-04-26,6.2
YV,Mataró,2026-04-26,0.0
YX,Batea,2026-04-26,0.0
YY,Viladecans - les Filipines,2026-04-26,0.0
Z1,Bonaigua (2.262 m),2026-04-26,0.0
Z2,Boí (2.537 m),2026-04-26,0.0
Z3,Malniu (2.229 m),2026-04-26,12.2
Z5,Certascan (2.398 m),2026-04-26,0.0
Z6,Sasseuva (2.226 m),2026-04-26,0.0
Z7,Espot (2.519 m),2026-04-26,0.6
Z9,Cadí Nord (2.145 m) - Prat d'Aguiló,2026-04-26,2.3
ZB,Salòria (2.451 m),2026-04-26,11.1
ZC,Ulldeter (2.413 m),2026-04-26,0.0
ZE,el Port del Comte (2.288 m),2026-04-26,0.0
C6,Castellnou de Seana,2026-04-27,0.0
C7,Tàrrega,2026-04-27,0.0
C8,Cervera,2026-04-27,0.0
C9,Mas de Barberans,2026-04-27,0.0
CC,Orís,2026-04-27,17.6
CD,la Seu d'Urgell - Bellestar,2026-04-27,3.1
CE,els Hostalets de Pierola,2026-04-27,0.1
CG,Molló - Fabert,2026-04-27,5.1
CI,Sant Pau de Segúries,2026-04-27,14.6
CJ,Organyà,2026-04-27,16.7
CL,Sant Salvador de Guardiola,2026-04-27,0.8
CP,Sant Romà d'Abella,2026-04-27,4.1
CQ,Vilanova de Meià,2026-04-27,0.0
CR,la Quar,2026-04-27,4.4
CT,el Pont de Suert,2026-04-27,8.2
CW,l'Espluga de Francolí,2026-04-27,0.0
CY,Muntanyola,2026-04-27,0.0
D1,Margalef,2026-04-27,0.0
D2,Vacarisses,2026-04-27,0.0
D3,Vallirana,2026-04-27,0.0
D4,Roses,2026-04-27,0.0
D5,Barcelona - Observatori Fabra,2026-04-27,0.0
D6,Portbou - coll dels Belitres,2026-04-27,0.0
D7,Vinebre,2026-04-27,0.0
D8,Horta de Sant Joan,2026-04-27,0.0
D9,el Vendrell,2026-04-27,0.0
DB,el Perelló,2026-04-27,0.0
DF,la Bisbal d'Empordà,2026-04-27,0.0
DG,Núria (1.971 m),2026-04-27,9.6
DI,Font-rubí,2026-04-27,0.0
DJ,Banyoles,2026-04-27,0.0
DK,Torredembarra,2026-04-27,0.0
DL,Illa de Buda,2026-04-27,0.0
DN,Anglès,2026-04-27,0.0
DO,Castell d'Aro,2026-04-27,0.0
DP,Das - Aeròdrom,2026-04-27,0.7
DQ,Vila-rodona,2026-04-27,0.0
H1,Òdena,2026-04-27,0.0
J5,Pantà de Darnius - Boadella,2026-04-27,0.0
KE,Pantà de Sau,2026-04-27,41.5
KP,Fogars de la Selva,2026-04-27,0.0
KX,la Roca del Vallès - ETAP Cardedeu,2026-04-27,0.0
M6,Sant Joan de les Abadesses,2026-04-27,7.5
MQ,Cardona,2026-04-27,5.3
MR,Pantà de Siurana,2026-04-27,0.0
MS,Castellar de n'Hug - el Clot del Moro,2026-04-27,9.1
MV,Guixers - Valls,2026-04-27,12.9
MW,Navès,2026-04-27,40.4
U2,Sant Pere Pescador,2026-04-27,0.0
U3,Sant Martí Sarroca,2026-04-27,0.0
U4,Castellnou de Bages,2026-04-27,0.1
U6,Vinyols i els Arcs - Cambrils,2026-04-27,0.0
U7,Aldover,2026-04-27,0.0
U9,l'Aldea,2026-04-27,0.0
UA,l'Ametlla de Mar,2026-04-27,0.0
UB,la Tallada d'Empordà,2026-04-27,0.0
UE,Torroella de Montgrí,2026-04-27,0.0
UF,PN del Garraf - el Rascler,2026-04-27,0.0
UH,el Montmell,2026-04-27,0.0
UI,Gisclareny,2026-04-27,9.2
UJ,Santa Coloma de Queralt,2026-04-27,0.0
UK,Sant Pere de Ribes - PN del Garraf,2026-04-27,0.0
UM,la Granadella,2026-04-27,0.0
UN,Cassà de la Selva,2026-04-27,0.0
UO,Fornells de la Selva,2026-04-27,0.0
UP,Cabrils,2026-04-27,0.0
UQ,Dosrius - PN Montnegre Corredor,2026-04-27,0.0
US,les Cases d'Alcanar,2026-04-27,0.0
UU,Amposta,2026-04-27,0.0
UW,els Alfacs,2026-04-27,0.0
UX,Ulldecona - els Valentins,2026-04-27,0.0
UY,Os de Balaguer - el Monestir d'Avellanes,2026-04-27,0.0
V1,Vallfogona de Balaguer,2026-04-27,1.4
V4,Montesquiu,2026-04-27,61.1
V5,Perafita,2026-04-27,7.6
V8,el Poal,2026-04-27,0.0
VA,Ascó,2026-04-27,0.0
VB,Benissanet,2026-04-27,0.0
VC,Pantà de Riba-roja,2026-04-27,0.0
VD,el Canós,2026-04-27,0.0
VH,Gimenells,2026-04-27,0.0
VK,Raimat,2026-04-27,0.0
VM,Vilanova de Segrià,2026-04-27,1.5
VO,Lladurs,2026-04-27,15.0
VP,Pinós,2026-04-27,0.0
VQ,Constantí,2026-04-27,0.0
VS,Lac Redon (2.245 m),2026-04-27,1.5
VU,Rellinars,2026-04-27,0.0
VV,Sant Llorenç Savall,2026-04-27,0.0
VX,Tagamanent - PN del Montseny,2026-04-27,0.0
VY,Nulles,2026-04-27,0.0
VZ,Espolla,2026-04-27,0.0
W1,Castelló d'Empúries,2026-04-27,0.0
W4,Vilafranca del Penedès - la Granada,2026-04-27,0.0
W5,Oliana,2026-04-27,0.2
W8,Blancafort,2026-04-27,0.0
W9,la Vall d'en Bas,2026-04-27,30.7
WA,Oliola,2026-04-27,0.0
WB,Albesa,2026-04-27,0.8
WC,Golmés,2026-04-27,0.0
WG,Algerri,2026-04-27,0.0
WI,Maials,2026-04-27,0.0
WJ,el Masroig,2026-04-27,0.0
WK,Alfarràs,2026-04-27,1.5
WL,Sant Martí de Riucorb,2026-04-27,0.7
WM,Santuari de Queralt,2026-04-27,44.5
WN,Montserrat - Sant Dimes,2026-04-27,1.2
WO,la Bisbal del Penedès,2026-04-27,0.0
WP,Canaletes,2026-04-27,0.0
WQ,Montsec d'Ares (1.571 m),2026-04-27,0.0
WR,Torroja del Priorat,2026-04-27,0.0
WS,Viladrau,2026-04-27,4.3
WT,Malgrat de Mar,2026-04-27,0.0
WU,Badalona - Museu,2026-04-27,0.0
WV,Guardiola de Berguedà,2026-04-27,4.6
WW,Artés,2026-04-27,0.0
WX,Camarasa,2026-04-27,0.1
WZ,Cunit,2026-04-27,0.0
X1,Falset,2026-04-27,0.0
X3,Alguaire,2026-04-27,0.0
X4,Barcelona - el Raval,2026-04-27,0.0
X5,PN dels Ports,2026-04-27,0.0
X6,Baldomar,2026-04-27,0.0
X7,Torres de Segre,2026-04-27,0.0
X8,Barcelona - Zona Universitària,2026-04-27,0.0
X9,Caldes de Montbui,2026-04-27,0.0
XA,la Panadella,2026-04-27,0.1
XB,la Llacuna,2026-04-27,0.0
XC,Castellbisbal,2026-04-27,0.0
XD,Ulldemolins,2026-04-27,0.0
XE,Tarragona - Complex Educatiu,2026-04-27,0.0
XF,Sabadell - Parc Agrari,2026-04-27,0.0
XG,Parets del Vallès,2026-04-27,0.0
XH,Sort,2026-04-27,4.6
XI,Mollerussa,2026-04-27,0.0
XJ,Girona,2026-04-27,0.0
XK,Puig Sesolles (1.666 m),2026-04-27,0.2
XL,el Prat de Llobregat,2026-04-27,0.0
XM,els Alamús,2026-04-27,0.0
XN,Seròs,2026-04-27,0.0
XO,Vic,2026-04-27,0.0
XP,Gandesa,2026-04-27,0.0
XQ,Tremp,2026-04-27,0.3
XR,Prades,2026-04-27,0.0
XS,Santa Coloma de Farners,2026-04-27,0.0
XT,Solsona,2026-04-27,4.3
XU,Canyelles,2026-04-27,0.0
XV,Sant Cugat del Vallès - CAR,2026-04-27,0.0
XX,Anglesola - Tornabous,2026-04-27,0.0
XY,Alcarràs,2026-04-27,0.0
XZ,Torroella de Fluvià,2026-04-27,0.0
Y4,Alinyà,2026-04-27,1.7
Y5,Navata,2026-04-27,0.0
Y6,Tivissa,2026-04-27,0.0
YA,Puigcerdà,2026-04-27,1.1
YB,Olot,2026-04-27,42.7
YC,la Pobla de Segur,2026-04-27,0.6
YD,les Borges Blanques,2026-04-27,0.0
YE,Massoteres,2026-04-27,0.0
YF,Miami Platja,2026-04-27,0.0
YG,Tírvia,2026-04-27,1.4
YH,Pujalt,2026-04-27,1.4
YJ,Lleida - la Femosa,2026-04-27,0.0
YK,Terrassa,2026-04-27,0.0
YL,Riudecanyes,2026-04-27,0.0
YM,Granollers,2026-04-27,0.0
YN,Vielha - Elipòrt,2026-04-27,0.0
YO,Sant Sadurní d'Anoia,2026-04-27,0.0
YP,Palafrugell,2026-04-27,0.0
YQ,Port de Barcelona - ZAL Prat,2026-04-27,0.0
YR,Vilanova i la Geltrú,2026-04-27,0.0
YS,Cabanes,2026-04-27,0.0
YT,Bonabé (1.691 m),2026-04-27,0.7
YU,Cantonigròs,2026-04-27,34.6
YV,Mataró,2026-04-27,0.0
YX,Batea,2026-04-27,0.0
YY,Viladecans - les Filipines,2026-04-27,0.0
Z1,Bonaigua (2.262 m),2026-04-27,1.3
Z2,Boí (2.537 m),2026-04-27,9.0
Z3,Malniu (2.229 m),2026-04-27,3.5
Z5,Certascan (2.398 m),2026-04-27,0.7
Z6,Sasseuva (2.226 m),2026-04-27,11.7
Z7,Espot (2.519 m),2026-04-27,2.5
Z9,Cadí Nord (2.145 m) - Prat d'Aguiló,2026-04-27,4.1
ZB,Salòria (2.451 m),2026-04-27,1.2
ZC,Ulldeter (2.413 m),2026-04-27,10.2
ZE,el Port del Comte (2.288 m),2026-04-27,7.9
C6,Castellnou de Seana,2026-04-28,0.0
C7,Tàrrega,2026-04-28,0.0
C8,Cervera,2026-04-28,0.0
C9,Mas de Barberans,2026-04-28,0.3
CC,Orís,2026-04-28,0.0
CD,la Seu d'Urgell - Bellestar,2026-04-28,0.1
CE,els Hostalets de Pierola,2026-04-28,0.0
CG,Molló - Fabert,2026-04-28,2.9
CI,Sant Pau de Segúries,2026-04-28,0.1
CJ,Organyà,2026-04-28,0.0
CL,Sant Salvador de Guardiola,2026-04-28,0.1
CP,Sant Romà d'Abella,2026-04-28,0.0
CQ,Vilanova de Meià,2026-04-28,0.0
CR,la Quar,2026-04-28,0.0
CT,el Pont de Suert,2026-04-28,0.0
CW,l'Espluga de Francolí,2026-04-28,0.0
CY,Muntanyola,2026-04-28,0.0
D1,Margalef,2026-04-28,0.0
D2,Vacarisses,2026-04-28,0.0
D3,Vallirana,2026-04-28,0.0
D4,Roses,2026-04-28,0.0
D5,Barcelona - Observatori Fabra,2026-04-28,0.0
D6,Portbou - coll dels Belitres,2026-04-28,0.0
D7,Vinebre,2026-04-28,0.0
D8,Horta de Sant Joan,2026-04-28,0.0
D9,el Vendrell,2026-04-28,0.0
DB,el Perelló,2026-04-28,0.0
DF,la Bisbal d'Empordà,2026-04-28,0.0
DG,Núria (1.971 m),2026-04-28,0.1
DI,Font-rubí,2026-04-28,0.0
DJ,Banyoles,2026-04-28,0.0
DK,Torredembarra,2026-04-28,0.0
DL,Illa de Buda,2026-04-28,0.1
DN,Anglès,2026-04-28,0.0
DO,Castell d'Aro,2026-04-28,0.0
DP,Das - Aeròdrom,2026-04-28,0.0
DQ,Vila-rodona,2026-04-28,0.0
H1,Òdena,2026-04-28,0.0
J5,Pantà de Darnius - Boadella,2026-04-28,0.0
KE,Pantà de Sau,2026-04-28,0.0
KP,Fogars de la Selva,2026-04-28,0.0
KX,la Roca del Vallès - ETAP Cardedeu,2026-04-28,0.0
M6,Sant Joan de les Abadesses,2026-04-28,0.1
MQ,Cardona,2026-04-28,0.1
MR,Pantà de Siurana,2026-04-28,0.0
MS,Castellar de n'Hug - el Clot del Moro,2026-04-28,0.1
MV,Guixers - Valls,2026-04-28,0.1
MW,Navès,2026-04-28,0.0
U2,Sant Pere Pescador,2026-04-28,0.0
U3,Sant Martí Sarroca,2026-04-28,0.0
U4,Castellnou de Bages,2026-04-28,0.1
U6,Vinyols i els Arcs - Cambrils,2026-04-28,0.0
U7,Aldover,2026-04-28,0.0
U9,l'Aldea,2026-04-28,0.3
UA,l'Ametlla de Mar,2026-04-28,0.0
UB,la Tallada d'Empordà,2026-04-28,0.0
UE,Torroella de Montgrí,2026-04-28,0.0
UF,PN del Garraf - el Rascler,2026-04-28,0.0
UH,el Montmell,2026-04-28,0.0
UI,Gisclareny,2026-04-28,0.0
UJ,Santa Coloma de Queralt,2026-04-28,0.0
UK,Sant Pere de Ribes - PN del Garraf,2026-04-28,0.0
UM,la Granadella,2026-04-28,0.0
UN,Cassà de la Selva,2026-04-28,0.0
UO,Fornells de la Selva,2026-04-28,0.0
UP,Cabrils,2026-04-28,0.0
UQ,Dosrius - PN Montnegre Corredor,2026-04-28,0.0
US,les Cases d'Alcanar,2026-04-28,0.0
UU,Amposta,2026-04-28,0.1
UW,els Alfacs,2026-04-28,0.0
UX,Ulldecona - els Valentins,2026-04-28,0.0
UY,Os de Balaguer - el Monestir d'Avellanes,2026-04-28,0.0
V1,Vallfogona de Balaguer,2026-04-28,0.1
V4,Montesquiu,2026-04-28,0.0
V5,Perafita,2026-04-28,0.1
V8,el Poal,2026-04-28,0.0
VA,Ascó,2026-04-28,0.0
VB,Benissanet,2026-04-28,0.0
VC,Pantà de Riba-roja,2026-04-28,0.0
VD,el Canós,2026-04-28,0.0
VH,Gimenells,2026-04-28,0.0
VK,Raimat,2026-04-28,0.0
VM,Vilanova de Segrià,2026-04-28,0.0
VO,Lladurs,2026-04-28,0.0
VP,Pinós,2026-04-28,0.0
VQ,Constantí,2026-04-28,0.0
VS,Lac Redon (2.245 m),2026-04-28,0.0
VU,Rellinars,2026-04-28,0.0
VV,Sant Llorenç Savall,2026-04-28,0.0
VX,Tagamanent - PN del Montseny,2026-04-28,0.0
VY,Nulles,2026-04-28,0.0
VZ,Espolla,2026-04-28,0.0
W1,Castelló d'Empúries,2026-04-28,0.0
W4,Vilafranca del Penedès - la Granada,2026-04-28,0.0
W5,Oliana,2026-04-28,0.1
W8,Blancafort,2026-04-28,0.0
W9,la Vall d'en Bas,2026-04-28,0.2
WA,Oliola,2026-04-28,0.0
WB,Albesa,2026-04-28,0.0
WC,Golmés,2026-04-28,0.0
WG,Algerri,2026-04-28,0.0
WI,Maials,2026-04-28,0.0
WJ,el Masroig,2026-04-28,0.0
WK,Alfarràs,2026-04-28,0.0
WL,Sant Martí de Riucorb,2026-04-28,0.0
WM,Santuari de Queralt,2026-04-28,0.0
WN,Montserrat - Sant Dimes,2026-04-28,0.0
WO,la Bisbal del Penedès,2026-04-28,0.0
WP,Canaletes,2026-04-28,0.0
WQ,Montsec d'Ares (1.571 m),2026-04-28,0.0
WR,Torroja del Priorat,2026-04-28,0.0
WS,Viladrau,2026-04-28,0.2
WT,Malgrat de Mar,2026-04-28,0.0
WU,Badalona - Museu,2026-04-28,0.0
WV,Guardiola de Berguedà,2026-04-28,0.0
WW,Artés,2026-04-28,0.0
WX,Camarasa,2026-04-28,0.0
WZ,Cunit,2026-04-28,0.0
X1,Falset,2026-04-28,0.0
X3,Alguaire,2026-04-28,0.0
X4,Barcelona - el Raval,2026-04-28,0.0
X5,PN dels Ports,2026-04-28,0.0
X6,Baldomar,2026-04-28,0.0
X7,Torres de Segre,2026-04-28,0.0
X8,Barcelona - Zona Universitària,2026-04-28,0.0
X9,Caldes de Montbui,2026-04-28,0.0
XA,la Panadella,2026-04-28,0.0
XB,la Llacuna,2026-04-28,0.0
XC,Castellbisbal,2026-04-28,0.0
XD,Ulldemolins,2026-04-28,0.0
XE,Tarragona - Complex Educatiu,2026-04-28,0.0
XF,Sabadell - Parc Agrari,2026-04-28,0.0
XG,Parets del Vallès,2026-04-28,0.0
XH,Sort,2026-04-28,0.1
XI,Mollerussa,2026-04-28,0.0
XJ,Girona,2026-04-28,0.0
XK,Puig Sesolles (1.666 m),2026-04-28,0.0
XL,el Prat de Llobregat,2026-04-28,0.0
XM,els Alamús,2026-04-28,0.0
XN,Seròs,2026-04-28,0.0
XO,Vic,2026-04-28,0.0
XP,Gandesa,2026-04-28,0.0
XQ,Tremp,2026-04-28,0.0
XR,Prades,2026-04-28,0.0
XS,Santa Coloma de Farners,2026-04-28,0.0
XT,Solsona,2026-04-28,0.0
XU,Canyelles,2026-04-28,0.0
XV,Sant Cugat del Vallès - CAR,2026-04-28,0.0
XX,Anglesola - Tornabous,2026-04-28,0.0
XY,Alcarràs,2026-04-28,0.0
XZ,Torroella de Fluvià,2026-04-28,0.0
Y4,Alinyà,2026-04-28,0.0
Y5,Navata,2026-04-28,0.0
Y6,Tivissa,2026-04-28,0.0
YA,Puigcerdà,2026-04-28,0.0
YB,Olot,2026-04-28,0.0
YC,la Pobla de Segur,2026-04-28,0.0
YD,les Borges Blanques,2026-04-28,0.0
YE,Massoteres,2026-04-28,0.0
YF,Miami Platja,2026-04-28,0.0
YG,Tírvia,2026-04-28,0.6
YH,Pujalt,2026-04-28,0.0
YJ,Lleida - la Femosa,2026-04-28,0.0
YK,Terrassa,2026-04-28,0.0
YL,Riudecanyes,2026-04-28,0.0
YM,Granollers,2026-04-28,0.0
YN,Vielha - Elipòrt,2026-04-28,0.0
YO,Sant Sadurní d'Anoia,2026-04-28,0.0
YP,Palafrugell,2026-04-28,0.0
YQ,Port de Barcelona - ZAL Prat,2026-04-28,0.0
YR,Vilanova i la Geltrú,2026-04-28,0.0
YS,Cabanes,2026-04-28,0.0
YT,Bonabé (1.691 m),2026-04-28,0.0
YU,Cantonigròs,2026-04-28,0.0
YV,Mataró,2026-04-28,0.0
YX,Batea,2026-04-28,0.0
YY,Viladecans - les Filipines,2026-04-28,0.0
Z1,Bonaigua (2.262 m),2026-04-28,0.0
Z2,Boí (2.537 m),2026-04-28,0.0
Z3,Malniu (2.229 m),2026-04-28,0.5
Z5,Certascan (2.398 m),2026-04-28,0.0
Z6,Sasseuva (2.226 m),2026-04-28,0.0
Z7,Espot (2.519 m),2026-04-28,0.0
Z9,Cadí Nord (2.145 m) - Prat d'Aguiló,2026-04-28,0.0
ZB,Salòria (2.451 m),2026-04-28,1.4
ZC,Ulldeter (2.413 m),2026-04-28,0.0
ZE,el Port del Comte (2.288 m),2026-04-28,0.0
C6,Castellnou de Seana,2026-04-29,0.0
C7,Tàrrega,2026-04-29,0.0
C8,Cervera,2026-04-29,0.1
C9,Mas de Barberans,2026-04-29,0.0
CC,Orís,2026-04-29,0.0
CD,la Seu d'Urgell - Bellestar,2026-04-29,0.0
CE,els Hostalets de Pierola,2026-04-29,0.5
CG,Molló - Fabert,2026-04-29,0.0
CI,Sant Pau de Segúries,2026-04-29,0.0
CJ,Organyà,2026-04-29,0.0
CL,Sant Salvador de Guardiola,2026-04-29,0.0
CP,Sant Romà d'Abella,2026-04-29,0.0
CQ,Vilanova de Meià,2026-04-29,0.0
CR,la Quar,2026-04-29,0.0
CT,el Pont de Suert,2026-04-29,0.0
CW,l'Espluga de Francolí,2026-04-29,0.2
CY,Muntanyola,2026-04-29,0.0
D1,Margalef,2026-04-29,0.0
D2,Vacarisses,2026-04-29,0.3
D3,Vallirana,2026-04-29,0.1
D4,Roses,2026-04-29,0.0
D5,Barcelona - Observatori Fabra,2026-04-29,0.5
D6,Portbou - coll dels Belitres,2026-04-29,0.0
D7,Vinebre,2026-04-29,0.1
D8,Horta de Sant Joan,2026-04-29,0.5
D9,el Vendrell,2026-04-29,0.2
DB,el Perelló,2026-04-29,0.4
DF,la Bisbal d'Empordà,2026-04-29,0.0
DG,Núria (1.971 m),2026-04-29,0.0
DI,Font-rubí,2026-04-29,0.4
DJ,Banyoles,2026-04-29,0.0
DK,Torredembarra,2026-04-29,0.2
DL,Illa de Buda,2026-04-29,0.2
DN,Anglès,2026-04-29,0.0
DO,Castell d'Aro,2026-04-29,0.0
DP,Das - Aeròdrom,2026-04-29,0.0
DQ,Vila-rodona,2026-04-29,0.0
H1,Òdena,2026-04-29,0.4
J5,Pantà de Darnius - Boadella,2026-04-29,0.0
KE,Pantà de Sau,2026-04-29,0.0
KP,Fogars de la Selva,2026-04-29,0.0
KX,la Roca del Vallès - ETAP Cardedeu,2026-04-29,0.0
M6,Sant Joan de les Abadesses,2026-04-29,0.0
MQ,Cardona,2026-04-29,0.0
MR,Pantà de Siurana,2026-04-29,0.3
MS,Castellar de n'Hug - el Clot del Moro,2026-04-29,0.1
MV,Guixers - Valls,2026-04-29,0.0
MW,Navès,2026-04-29,0.0
U2,Sant Pere Pescador,2026-04-29,0.0
U3,Sant Martí Sarroca,2026-04-29,0.4
U4,Castellnou de Bages,2026-04-29,0.0
U6,Vinyols i els Arcs - Cambrils,2026-04-29,0.3
U7,Aldover,2026-04-29,0.4
U9,l'Aldea,2026-04-29,0.0
UA,l'Ametlla de Mar,2026-04-29,0.4
UB,la Tallada d'Empordà,2026-04-29,0.0
UE,Torroella de Montgrí,2026-04-29,0.0
UF,PN del Garraf - el Rascler,2026-04-29,0.6
UH,el Montmell,2026-04-29,0.2
UI,Gisclareny,2026-04-29,0.0
UJ,Santa Coloma de Queralt,2026-04-29,0.2
UK,Sant Pere de Ribes - PN del Garraf,2026-04-29,0.2
UM,la Granadella,2026-04-29,0.0
UN,Cassà de la Selva,2026-04-29,0.0
UO,Fornells de la Selva,2026-04-29,0.0
UP,Cabrils,2026-04-29,0.3
UQ,Dosrius - PN Montnegre Corredor,2026-04-29,0.1
US,les Cases d'Alcanar,2026-04-29,0.0
UU,Amposta,2026-04-29,0.0
UW,els Alfacs,2026-04-29,0.0
UX,Ulldecona - els Valentins,2026-04-29,0.0
UY,Os de Balaguer - el Monestir d'Avellanes,2026-04-29,0.0
V1,Vallfogona de Balaguer,2026-04-29,0.0
V4,Montesquiu,2026-04-29,0.1
V5,Perafita,2026-04-29,0.0
V8,el Poal,2026-04-29,0.0
VA,Ascó,2026-04-29,0.0
VB,Benissanet,2026-04-29,0.4
VC,Pantà de Riba-roja,2026-04-29,0.1
VD,el Canós,2026-04-29,0.0
VH,Gimenells,2026-04-29,0.0
VK,Raimat,2026-04-29,0.0
VM,Vilanova de Segrià,2026-04-29,0.0
VO,Lladurs,2026-04-29,0.0
VP,Pinós,2026-04-29,0.0
VQ,Constantí,2026-04-29,0.3
VS,Lac Redon (2.245 m),2026-04-29,0.3
VU,Rellinars,2026-04-29,0.2
VV,Sant Llorenç Savall,2026-04-29,0.2
VX,Tagamanent - PN del Montseny,2026-04-29,0.0
VY,Nulles,2026-04-29,0.2
VZ,Espolla,2026-04-29,0.0
W1,Castelló d'Empúries,2026-04-29,0.0
W4,Vilafranca del Penedès - la Granada,2026-04-29,0.1
W5,Oliana,2026-04-29,0.0
W8,Blancafort,2026-04-29,0.1
W9,la Vall d'en Bas,2026-04-29,0.0
WA,Oliola,2026-04-29,0.0
WB,Albesa,2026-04-29,0.0
WC,Golmés,2026-04-29,0.0
WG,Algerri,2026-04-29,0.0
WI,Maials,2026-04-29,0.0
WJ,el Masroig,2026-04-29,0.4
WK,Alfarràs,2026-04-29,0.0
WL,Sant Martí de Riucorb,2026-04-29,0.0
WM,Santuari de Queralt,2026-04-29,0.1
WN,Montserrat - Sant Dimes,2026-04-29,0.3
WO,la Bisbal del Penedès,2026-04-29,0.3
WP,Canaletes,2026-04-29,0.5
WQ,Montsec d'Ares (1.571 m),2026-04-29,0.0
WR,Torroja del Priorat,2026-04-29,0.1
WS,Viladrau,2026-04-29,0.0
WT,Malgrat de Mar,2026-04-29,0.0
WU,Badalona - Museu,2026-04-29,0.3
WV,Guardiola de Berguedà,2026-04-29,0.2
WW,Artés,2026-04-29,0.0
WX,Camarasa,2026-04-29,0.0
WZ,Cunit,2026-04-29,0.1
X1,Falset,2026-04-29,0.7
X3,Alguaire,2026-04-29,0.0
X4,Barcelona - el Raval,2026-04-29,0.5
X5,PN dels Ports,2026-04-29,0.4
X6,Baldomar,2026-04-29,0.0
X7,Torres de Segre,2026-04-29,0.0
X8,Barcelona - Zona Universitària,2026-04-29,0.3
X9,Caldes de Montbui,2026-04-29,0.0
XA,la Panadella,2026-04-29,0.1
XB,la Llacuna,2026-04-29,0.0
XC,Castellbisbal,2026-04-29,0.0
XD,Ulldemolins,2026-04-29,0.0
XE,Tarragona - Complex Educatiu,2026-04-29,0.5
XF,Sabadell - Parc Agrari,2026-04-29,0.0
XG,Parets del Vallès,2026-04-29,0.0
XH,Sort,2026-04-29,0.0
XI,Mollerussa,2026-04-29,0.0
XJ,Girona,2026-04-29,0.0
XK,Puig Sesolles (1.666 m),2026-04-29,0.0
XL,el Prat de Llobregat,2026-04-29,0.3
XM,els Alamús,2026-04-29,0.0
XN,Seròs,2026-04-29,0.0
XO,Vic,2026-04-29,0.0
XP,Gandesa,2026-04-29,0.0
XQ,Tremp,2026-04-29,0.0
XR,Prades,2026-04-29,0.4
XS,Santa Coloma de Farners,2026-04-29,0.0
XT,Solsona,2026-04-29,0.0
XU,Canyelles,2026-04-29,0.0
XV,Sant Cugat del Vallès - CAR,2026-04-29,0.0
XX,Anglesola - Tornabous,2026-04-29,0.0
XY,Alcarràs,2026-04-29,0.0
XZ,Torroella de Fluvià,2026-04-29,0.0
Y4,Alinyà,2026-04-29,0.0
Y5,Navata,2026-04-29,0.0
Y6,Tivissa,2026-04-29,1.3
YA,Puigcerdà,2026-04-29,0.0
YB,Olot,2026-04-29,0.0
YC,la Pobla de Segur,2026-04-29,0.0
YD,les Borges Blanques,2026-04-29,0.0
YE,Massoteres,2026-04-29,0.0
YF,Miami Platja,2026-04-29,0.3
YG,Tírvia,2026-04-29,0.0
YH,Pujalt,2026-04-29,0.1
YJ,Lleida - la Femosa,2026-04-29,0.0
YK,Terrassa,2026-04-29,0.0
YL,Riudecanyes,2026-04-29,0.9
YM,Granollers,2026-04-29,0.1
YN,Vielha - Elipòrt,2026-04-29,0.1
YO,Sant Sadurní d'Anoia,2026-04-29,0.2
YP,Palafrugell,2026-04-29,0.0
YQ,Port de Barcelona - ZAL Prat,2026-04-29,0.1
YR,Vilanova i la Geltrú,2026-04-29,0.1
YS,Cabanes,2026-04-29,0.0
YT,Bonabé (1.691 m),2026-04-29,0.7
YU,Cantonigròs,2026-04-29,0.0
YV,Mataró,2026-04-29,0.5
YX,Batea,2026-04-29,0.0
YY,Viladecans - les Filipines,2026-04-29,0.1
Z1,Bonaigua (2.262 m),2026-04-29,0.0
Z2,Boí (2.537 m),2026-04-29,0.0
Z3,Malniu (2.229 m),2026-04-29,0.0
Z5,Certascan (2.398 m),2026-04-29,0.0
Z6,Sasseuva (2.226 m),2026-04-29,0.0
Z7,Espot (2.519 m),2026-04-29,0.0
Z9,Cadí Nord (2.145 m) - Prat d'Aguiló,2026-04-29,0.0
ZB,Salòria (2.451 m),2026-04-29,0.0
ZC,Ulldeter (2.413 m),2026-04-29,0.0
ZE,el Port del Comte (2.288 m),2026-04-29,0.0
C6,Castellnou de Seana,2026-04-30,0.0
C7,Tàrrega,2026-04-30,0.0
C8,Cervera,2026-04-30,0.7
C9,Mas de Barberans,2026-04-30,0.9
CC,Orís,2026-04-30,0.0
CD,la Seu d'Urgell - Bellestar,2026-04-30,0.1
CE,els Hostalets de Pierola,2026-04-30,0.0
CG,Molló - Fabert,2026-04-30,0.0
CI,Sant Pau de Segúries,2026-04-30,0.0
CJ,Organyà,2026-04-30,0.0
CL,Sant Salvador de Guardiola,2026-04-30,0.0
CP,Sant Romà d'Abella,2026-04-30,0.0
CQ,Vilanova de Meià,2026-04-30,0.0
CR,la Quar,2026-04-30,0.0
CT,el Pont de Suert,2026-04-30,2.6
CW,l'Espluga de Francolí,2026-04-30,0.0
CY,Muntanyola,2026-04-30,0.0
D1,Margalef,2026-04-30,0.0
D2,Vacarisses,2026-04-30,0.0
D3,Vallirana,2026-04-30,0.0
D4,Roses,2026-04-30,2.0
D5,Barcelona - Observatori Fabra,2026-04-30,0.0
D6,Portbou - coll dels Belitres,2026-04-30,0.0
D7,Vinebre,2026-04-30,0.0
D8,Horta de Sant Joan,2026-04-30,0.1
D9,el Vendrell,2026-04-30,0.0
DB,el Perelló,2026-04-30,0.0
DF,la Bisbal d'Empordà,2026-04-30,1.4
DG,Núria (1.971 m),2026-04-30,3.1
DI,Font-rubí,2026-04-30,0.0
DJ,Banyoles,2026-04-30,0.0
DK,Torredembarra,2026-04-30,0.0
DL,Illa de Buda,2026-04-30,0.0
DN,Anglès,2026-04-30,0.0
DO,Castell d'Aro,2026-04-30,0.0
DP,Das - Aeròdrom,2026-04-30,0.3
DQ,Vila-rodona,2026-04-30,0.0
H1,Òdena,2026-04-30,0.0
J5,Pantà de Darnius - Boadella,2026-04-30,0.0
KE,Pantà de Sau,2026-04-30,0.0
KP,Fogars de la Selva,2026-04-30,0.4
KX,la Roca del Vallès - ETAP Cardedeu,2026-04-30,0.0
M6,Sant Joan de les Abadesses,2026-04-30,0.0
MQ,Cardona,2026-04-30,0.0
MR,Pantà de Siurana,2026-04-30,0.0
MS,Castellar de n'Hug - el Clot del Moro,2026-04-30,5.9
MV,Guixers - Valls,2026-04-30,0.1
MW,Navès,2026-04-30,0.0
U2,Sant Pere Pescador,2026-04-30,2.1
U3,Sant Martí Sarroca,2026-04-30,0.0
U4,Castellnou de Bages,2026-04-30,0.0
U6,Vinyols i els Arcs - Cambrils,2026-04-30,0.0
U7,Aldover,2026-04-30,0.0
U9,l'Aldea,2026-04-30,0.0
UA,l'Ametlla de Mar,2026-04-30,0.0
UB,la Tallada d'Empordà,2026-04-30,1.9
UE,Torroella de Montgrí,2026-04-30,0.0
UF,PN del Garraf - el Rascler,2026-04-30,0.0
UH,el Montmell,2026-04-30,0.0
UI,Gisclareny,2026-04-30,5.6
UJ,Santa Coloma de Queralt,2026-04-30,0.0
UK,Sant Pere de Ribes - PN del Garraf,2026-04-30,0.0
UM,la Granadella,2026-04-30,0.0
UN,Cassà de la Selva,2026-04-30,0.4
UO,Fornells de la Selva,2026-04-30,2.4
UP,Cabrils,2026-04-30,0.0
UQ,Dosrius - PN Montnegre Corredor,2026-04-30,0.0
US,les Cases d'Alcanar,2026-04-30,0.5
UU,Amposta,2026-04-30,0.3
UW,els Alfacs,2026-04-30,0.0
UX,Ulldecona - els Valentins,2026-04-30,0.3
UY,Os de Balaguer - el Monestir d'Avellanes,2026-04-30,0.0
V1,Vallfogona de Balaguer,2026-04-30,0.0
V4,Montesquiu,2026-04-30,0.0
V5,Perafita,2026-04-30,0.0
V8,el Poal,2026-04-30,0.0
VA,Ascó,2026-04-30,0.0
VB,Benissanet,2026-04-30,0.0
VC,Pantà de Riba-roja,2026-04-30,0.0
VD,el Canós,2026-04-30,0.7
VH,Gimenells,2026-04-30,0.0
VK,Raimat,2026-04-30,0.0
VM,Vilanova de Segrià,2026-04-30,0.0
VO,Lladurs,2026-04-30,2.1
VP,Pinós,2026-04-30,0.0
VQ,Constantí,2026-04-30,0.0
VS,Lac Redon (2.245 m),2026-04-30,8.3
VU,Rellinars,2026-04-30,0.0
VV,Sant Llorenç Savall,2026-04-30,0.0
VX,Tagamanent - PN del Montseny,2026-04-30,0.0
VY,Nulles,2026-04-30,0.0
VZ,Espolla,2026-04-30,0.0
W1,Castelló d'Empúries,2026-04-30,0.1
W4,Vilafranca del Penedès - la Granada,2026-04-30,0.0
W5,Oliana,2026-04-30,0.0
W8,Blancafort,2026-04-30,0.0
W9,la Vall d'en Bas,2026-04-30,0.0
WA,Oliola,2026-04-30,0.0
WB,Albesa,2026-04-30,0.0
WC,Golmés,2026-04-30,0.0
WG,Algerri,2026-04-30,0.0
WI,Maials,2026-04-30,0.0
WJ,el Masroig,2026-04-30,0.0
WK,Alfarràs,2026-04-30,0.0
WL,Sant Martí de Riucorb,2026-04-30,0.0
WM,Santuari de Queralt,2026-04-30,1.7
WN,Montserrat - Sant Dimes,2026-04-30,0.0
WO,la Bisbal del Penedès,2026-04-30,0.0
WP,Canaletes,2026-04-30,0.0
WQ,Montsec d'Ares (1.571 m),2026-04-30,0.5
WR,Torroja del Priorat,2026-04-30,0.0
WS,Viladrau,2026-04-30,0.0
WT,Malgrat de Mar,2026-04-30,0.0
WU,Badalona - Museu,2026-04-30,0.0
WV,Guardiola de Berguedà,2026-04-30,4.7
WW,Artés,2026-04-30,0.0
WX,Camarasa,2026-04-30,0.0
WZ,Cunit,2026-04-30,0.0
X1,Falset,2026-04-30,0.0
X3,Alguaire,2026-04-30,0.0
X4,Barcelona - el Raval,2026-04-30,0.0
X5,PN dels Ports,2026-04-30,0.5
X6,Baldomar,2026-04-30,0.0
X7,Torres de Segre,2026-04-30,0.0
X8,Barcelona - Zona Universitària,2026-04-30,0.0
X9,Caldes de Montbui,2026-04-30,0.0
XA,la Panadella,2026-04-30,0.0
XB,la Llacuna,2026-04-30,0.0
XC,Castellbisbal,2026-04-30,0.0
XD,Ulldemolins,2026-04-30,0.0
XE,Tarragona - Complex Educatiu,2026-04-30,0.0
XF,Sabadell - Parc Agrari,2026-04-30,0.0
XG,Parets del Vallès,2026-04-30,0.0
XH,Sort,2026-04-30,8.1
XI,Mollerussa,2026-04-30,0.0
XJ,Girona,2026-04-30,2.4
XK,Puig Sesolles (1.666 m),2026-04-30,0.0
XL,el Prat de Llobregat,2026-04-30,0.0
XM,els Alamús,2026-04-30,0.0
XN,Seròs,2026-04-30,0.0
XO,Vic,2026-04-30,0.0
XP,Gandesa,2026-04-30,0.0
XQ,Tremp,2026-04-30,0.8
XR,Prades,2026-04-30,0.0
XS,Santa Coloma de Farners,2026-04-30,0.0
XT,Solsona,2026-04-30,5.5
XU,Canyelles,2026-04-30,0.0
XV,Sant Cugat del Vallès - CAR,2026-04-30,0.0
XX,Anglesola - Tornabous,2026-04-30,0.0
XY,Alcarràs,2026-04-30,0.0
XZ,Torroella de Fluvià,2026-04-30,0.7
Y4,Alinyà,2026-04-30,0.5
Y5,Navata,2026-04-30,0.2
Y6,Tivissa,2026-04-30,0.0
YA,Puigcerdà,2026-04-30,0.8
YB,Olot,2026-04-30,0.0
YC,la Pobla de Segur,2026-04-30,1.1
YD,les Borges Blanques,2026-04-30,2.4
YE,Massoteres,2026-04-30,0.0
YF,Miami Platja,2026-04-30,0.0
YG,Tírvia,2026-04-30,16.2
YH,Pujalt,2026-04-30,0.0
YJ,Lleida - la Femosa,2026-04-30,0.0
YK,Terrassa,2026-04-30,0.0
YL,Riudecanyes,2026-04-30,0.0
YM,Granollers,2026-04-30,0.5
YN,Vielha - Elipòrt,2026-04-30,8.0
YO,Sant Sadurní d'Anoia,2026-04-30,0.0
YP,Palafrugell,2026-04-30,0.1
YQ,Port de Barcelona - ZAL Prat,2026-04-30,0.0
YR,Vilanova i la Geltrú,2026-04-30,0.0
YS,Cabanes,2026-04-30,0.1
YT,Bonabé (1.691 m),2026-04-30,2.7
YU,Cantonigròs,2026-04-30,0.0
YV,Mataró,2026-04-30,0.0
YX,Batea,2026-04-30,0.0
YY,Viladecans - les Filipines,2026-04-30,0.0
Z1,Bonaigua (2.262 m),2026-04-30,1.2
Z2,Boí (2.537 m),2026-04-30,5.5
Z3,Malniu (2.229 m),2026-04-30,2.4
Z5,Certascan (2.398 m),2026-04-30,4.9
Z6,Sasseuva (2.226 m),2026-04-30,0.9
Z7,Espot (2.519 m),2026-04-30,14.9
Z9,Cadí Nord (2.145 m) - Prat d'Aguiló,2026-04-30,0.8
ZB,Salòria (2.451 m),2026-04-30,13.6
ZC,Ulldeter (2.413 m),2026-04-30,4.8
ZE,el Port del Comte (2.288 m),2026-04-30,3.3
